2|1|Extension|Harold Wyber|40559|__Harold Wyber||36:51|239;312;539;658;753;879;986;1223;1308;1489;1538;1633;1857;1942;2085;2181;2211
3|1|Extension|Jacob Sharpe|42805|__Jacob Sharpe||37:20|149;227;454;622;740;878;1003;1197;1284;1406;1457;1606;1848;1944;2081;2211;2240
4|1|Extension|Neil Gostick|41901|__Neil Gostick||37:27|125;200;435;579;685;838;969;1175;1262;1387;1436;1569;1859;1966;2090;2214;2247
5|1|Extension|Mike Capper|39362|__Mike Capper||43:10|165;252;489;658;797;973;1117;1367;1493;1631;1691;1826;2148;2267;2412;2557;2590
6|1|Extension|Paul Mace|39187|__Paul Mace||43:10|135;252;478;623;732;879;1182;1386;1455;1670;1715;1877;2124;2230;2369;2500;2590
7|1|Extension|Alastair Hodges|39663|__Alastair Hodges||43:34|171;263;497;650;746;882;1017;1262;1397;1638;1683;1796;2072;2163;2447;2581;2614
8|1|Extension|Paul Langston|36762|__Paul Langston||44:19|145;256;515;694;821;989;1131;1357;1554;1714;1772;1907;2208;2327;2489;2630;2659
9|1|Extension|Graham Parkes|38286|__Graham Parkes||44:35|128;248;471;624;774;934;1060;1261;1386;1774;1846;1969;2255;2360;2526;2644;2675
10|1|Extension|Kevin Parkes|42377|__Kevin Parkes||45:46|161;250;496;704;817;962;1096;1431;1589;1823;1877;2020;2293;2410;2558;2718;2746
11|1|Extension|Dean Miller|37921|__Dean Miller||45:49|142;233;540;733;863;1130;1298;1532;1629;1759;1804;1976;2269;2389;2570;2718;2749
12|1|Extension|Alan Whelan|39000|__Alan Whelan||46:12|238;346;612;772;873;1016;1182;1570;1722;1878;1929;2082;2320;2420;2540;2695;2772
13|1|Extension|Keith Verralls|40077|__Keith Verralls||50:28|209;311;626;817;936;1121;1339;1602;1811;1992;2056;2246;2548;2692;2847;2998;3028
14|1|Extension|Mike Bennett|41320|__Mike Bennett||56:07|122;207;506;688;847;1052;1231;1463;1732;2187;2243;2462;2862;2979;3168;3339;3367
15|1|Extension|Dave Tookey|35421|__Dave Tookey||56:15|306;438;791;1007;1172;1382;1585;1874;2005;2198;2266;2443;2815;2959;3136;3329;3375
16|1|Extension|Steve Green|39967|__Steve Green||59:50|150;253;521;717;867;1116;1292;1567;1672;1898;1952;2096;2844;3188;3388;3558;3590
17|1|Extension|Jon Chandler|38125|__Jon Chandler||61:15|198;302;640;1048;1169;1500;1656;1900;2279;2467;2540;2704;3065;3285;3458;3629;3675
18|1|Extension|David Heale|37053|__David Heale||64:05|178;280;682;1042;1186;1400;1693;2001;2388;2623;2685;2924;3275;3452;3615;3806;3845
19|1|Extension|Richard Tilley|39245|__Richard Tilley||67:34|298;418;939;1216;1407;1627;1872;2221;2367;2576;2667;2888;3302;3500;3793;4009;4054
20|1|Extension|Neville Young|41792|__Neville Young||69:41|171;297;766;1043;1206;1510;1721;2145;2330;2764;2846;3104;3569;3721;3929;4151;4181
21|1|Extension|Jonathan Hickey|39727|__Jonathan Hickey||72:24|202;482;801;1008;1145;1362;2559;2833;3007;3278;3356;3516;3827;3985;4161;4310;4344
22|1|Extension|Rob Sibley|39839|__Rob Sibley||74:25|241;364;701;903;1072;1285;1488;2083;2543;3107;3225;3427;3834;4004;4228;4429;4465
23|1|Extension|Anthony Biggs|40142|__Anthony Biggs||74:52|333;472;936;1201;1412;1692;2011;2430;2665;2869;2962;3193;3718;3929;4176;4400;4492
24|1|Extension|Grant Stobart|36340|__Grant Stobart||76:10|325;472;854;1115;1267;1523;1695;2346;2520;2674;2738;3514;3857;3996;4389;4528;4570
25|1|Extension|Janet Biggs|39601|__Janet Biggs||85:16|235;398;876;1224;1443;1784;2096;2579;2762;3431;3530;3775;4292;4508;4811;5044;5116
26|1|Extension|John Morgan|37143|__John Morgan||90:51|336;542;1126;1536;1770;2121;2407;2872;3094;3504;3617;3994;4540;4782;5106;5381;5451
27|1|Extension|Team Harscouet|38402|__Team Harscouet||98:30|414;571;1186;1460;1621;1908;2127;2915;3854;4330;4418;4722;5245;5447;5661;5871;5910
28|1|Extension|John Magill|37791|__John Magill||138:34|510;732;1533;1938;2160;2763;3075;3770;3942;5546;5654;6068;7180;7547;7991;8243;8314
29|1|Extension|David Cave-Ayland|41241|__David Cave-Ayland||79:22|474;593;909;1123;1252;1461;1607;4762
30|1|Extension|Judith Armitt|39301|__Judith Armitt||109:04|277;516;922;1367;1567;1804;2004;2498;2961;3667;3760;3967;6479;6544
31|2|Light Green|Colin Webster|39121|__Colin Webster||29:13|236;335;572;724;843;978;1276;1395;1542;1717;1753
32|2|Light Green|Craig Lye|38551|__Craig Lye||31:01|124;216;490;639;745;1149;1396;1525;1691;1832;1861
33|2|Light Green|Hedley Calderbank|41677|__Hedley Calderbank||32:58|142;248;603;798;933;1105;1472;1602;1764;1936;1978
34|2|Light Green|Alex Brunning|38879|__Alex Brunning||33:10|153;254;647;867;983;1113;1399;1529;1792;1967;1990
35|2|Light Green|Graham Perry|38210|__Graham Perry||33:28|152;296;604;818;966;1144;1496;1632;1814;1969;2008
36|2|Light Green|Ken Everitt|38485|__Ken Everitt||34:45|152;271;584;780;939;1114;1472;1632;1848;2035;2085
37|2|Light Green|Mark Salmon|37986|__Mark Salmon||35:34|147;257;552;760;917;1086;1516;1654;1860;2086;2134
38|2|Light Green|Bohdan Rainczuk|40261|__Bohdan Rainczuk||35:55|187;287;569;738;876;1396;1704;1827;1982;2120;2155
39|2|Light Green|Maire Convery|42061|__Maire Convery||35:58|159;268;625;849;1041;1234;1604;1757;1949;2116;2158
40|2|Light Green|Andrew Grant|41181|__Andrew Grant||38:19|188;293;638;963;1134;1304;1666;1811;2038;2252;2299
41|2|Light Green|Paul Hearn|36668|__Paul Hearn||38:22|138;248;586;1060;1196;1434;1829;1954;2111;2260;2302
42|2|Light Green|Dean Emery|39902|__Dean Emery||40:17|251;505;793;1101;1254;1521;1852;1988;2215;2382;2417
43|2|Light Green|Ken McMaster|39061|__Ken McMaster||40:30|213;333;685;890;1069;1253;1704;1919;2156;2379;2430
44|2|Light Green|Miranda Leaf|36265|__Miranda Leaf||42:58|210;331;729;988;1193;1404;1925;2099;2341;2546;2578
45|2|Light Green|Accabre Rutlin|38343|__Accabre Rutlin||43:15|218;359;784;997;1283;1525;1925;2084;2349;2542;2595
46|2|Light Green|Hans Rutlin|38345|__Hans Rutlin||43:17|205;350;776;975;1275;1516;1917;2062;2333;2529;2597
47|2|Light Green|Charlotte Cheetham|38047|__Charlotte Cheetham||47:15|213;372;878;1159;1373;1611;2113;2280;2527;2789;2835
48|2|Light Green|Rosalind West|40902|__Rosalind West||47:56|213;376;968;1270;1470;1729;2156;2334;2585;2814;2876
49|2|Light Green|Laurie Jenner|37551|__Laurie Jenner||48:10|227;358;832;1131;1334;1588;2133;2343;2593;2824;2890
50|2|Light Green|Jenny Gostick|37339|__Jenny Gostick||50:59|231;400;1033;1354;1759;1980;2396;2576;2801;3013;3059
51|2|Light Green|Robin Barris|41735|__Robin Barris||51:47|219;343;859;1109;1296;2003;2422;2597;2808;3010;3107
52|2|Light Green|Paul Jackson / Jacqui Cross|39880|__Paul Jackson / Jacqui Cross||52:02|704;846;1233;1474;1635;1911;2561;2708;2916;3078;3122
53|2|Light Green|Anne Power|39494|__Anne Power||52:26|235;436;878;1187;1413;1745;2263;2443;2716;3077;3146
54|2|Light Green|Penny Parkes|40631|__Penny Parkes||53:30|267;434;940;1507;1710;1984;2423;2616;2896;3148;3210
55|2|Light Green|Mathew Brunning|38942|__Mathew Brunning||56:00|410;502;786;979;1122;2253;2639;2771;3071;3324;3360
56|2|Light Green|Cliff Short|39668|__Cliff Short||56:11|322;517;929;1239;1442;2147;2634;2860;3110;3323;3371
57|2|Light Green|Ben Hamer|38819|__Ben Hamer||58:15|227;329;825;970;1082;2609;2926;3057;3310;3467;3495
58|2|Light Green|Rosemary Beardow|41344|__Rosemary Beardow||58:27|269;455;1126;1489;1699;1980;2524;2825;3161;3447;3507
59|2|Light Green|Marion Bond|40203|__Marion Bond||59:39|249;428;1008;1398;1648;1917;2612;2893;3271;3539;3579
60|2|Light Green|Jack Edwards|38757|__Jack Edwards||59:46|161;274;984;1165;1291;2684;2995;3128;3388;3540;3586
61|2|Light Green|Angus MacKay|36102|__Angus MacKay||59:47|315;500;1083;1390;1694;2181;2844;2999;3257;3526;3587
62|2|Light Green|Tom Dace|38646|__Tom Dace||61:17|270;384;1093;1273;1396;2788;3103;3235;3487;3646;3677
63|2|Light Green|Bob Kay|40386|__Bob Kay||62:05|343;509;1026;1427;1669;1997;2610;2882;3256;3625;3725
64|2|Light Green|Sue Palmer|41134|__Sue Palmer||77:54|255;424;1549;2069;2342;2761;3418;3695;4149;4632;4674
65|2|Light Green|Ellie Hardman|41077|__Ellie Hardman||78:52|213;399;1064;2574;2842;3145;3780;4019;4408;4695;4732
66|2|Light Green|Catherine Kay|39545|__Catherine Kay||94:39|374;647;1230;1648;2013;2998;4312;4628;4964;5575;5679
67|2|Light Green|Julia Kenyon and Rachel Hickey|40322|__Julia Kenyon and Rachel Hickey||102:33|376;640;2214;3320;3623;4237;4965;5292;5745;6072;6153
68|2|Light Green|Connors 1|40517|__Connors 1||126:48|830;1364;2876;3535;4228;4832;5725;6244;6863;7485;7608
69|2|Light Green|Connors 2|40500|__Connors 2||126:50|837;1282;2871;3580;4188;4811;5761;6246;6866;7481;7610
70|2|Light Green|Paul Naylor|39427|__Paul Naylor||84:26|282;462;915;1227;1433;4321;4502;4809;5066
71|2|Light Green|Liz Morgan|37382|__Liz Morgan||122:22|661;1244;1910;2393;2683;6372;6617;7006;7274;7342
72|3|Orange|Chris Stobart|36101|__Chris Stobart||32:15|221;316;517;890;954;1097;1526;1613;1741;1833;1922;1935
73|3|Orange|Becky Young|41049|__Becky Young||33:21|121;234;499;875;972;1154;1445;1536;1684;1890;1988;2001
74|3|Orange|Daniel Hudson|40139|__Daniel Hudson||33:55|109;186;344;1105;1173;1319;1580;1722;1861;1949;2023;2035
75|3|Orange|James Harrison|38259|__James Harrison||34:51|124;229;506;938;1015;1186;1492;1634;1805;1983;2078;2091
76|3|Orange|David Hudson|40090|__David Hudson||35:01|153;229;392;1153;1228;1371;1638;1765;1906;2004;2087;2101
77|3|Orange|Patricia Whelan|39909|__Patricia Whelan||42:24|216;372;695;1125;1237;1460;1803;2026;2262;2444;2530;2544
78|3|Orange|Claire Emery|42670|__Claire Emery||44:09|215;335;577;1289;1370;1583;1937;2147;2390;2527;2631;2649
79|3|Orange|Alex Smith|40722|__Alex Smith||44:15|178;294;651;1250;1325;1527;1945;2160;2358;2522;2641;2655
80|3|Orange|Rosie Sibley|39424|__Rosie Sibley||44:57|252;379;678;1204;1302;1469;1946;2151;2402;2557;2686;2697
81|3|Orange|Marcus Blowers|39184|__Marcus Blowers||54:05|180;343;723;1707;1806;2008;2523;2735;2960;3121;3228;3245
82|3|Orange|Mandy Bonthrone|40201|__Mandy Bonthrone||55:09|130;240;424;825;934;2201;2662;2830;3063;3188;3292;3309
83|3|Orange|Edward Hull|38643|__Edward Hull||55:44|298;484;814;1407;1558;1836;2335;2597;2929;3173;3328;3344
84|3|Orange|Annabelle Milner|38567|__Annabelle Milner||57:06|363;512;879;1459;1601;1869;2624;2776;2983;3219;3413;3426
85|3|Orange|Vicki Milner|38568|__Vicki Milner||57:22|371;519;882;1462;1608;1869;2625;2781;2986;3220;3414;3442
86|3|Orange|Isla Mae Bonthrone|40016|__Isla Mae Bonthrone||58:11|126;233;613;1047;1125;2385;2846;3018;3245;3374;3480;3491
87|3|Orange|J Kelly + C Curtis|36978|__J Kelly + C Curtis||62:59|247;464;1814;2480;2674;2850;3200;3323;3516;3678;3765;3779
88|3|Orange|Poppy Head|38446|__Poppy Head||65:47|213;441;1078;1583;2129;2378;2898;3072;3414;3733;3917;3947
89|3|Orange|Paul Head|38441|__Paul Head||66:07|208;438;1080;1598;2133;2384;2902;3079;3413;3740;3930;3967
90|3|Orange|Owen Haigh|40996|__Owen Haigh||68:05|383;680;1215;1786;1913;2171;2699;3088;3581;3873;4048;4085
91|3|Orange|Dylan Campbell|38835|__Dylan Campbell||75:32|458;637;1028;2498;2649;2944;3586;3747;4021;4334;4506;4532
92|3|Orange|Anne Ridler|37562|__Anne Ridler||31:47|170;310;523;921;1001;1146;1428;1548;1697;1809;1907
93|3|Orange|Rachel Naylor|39051|__Rachel Naylor||70:07|296;503;2837;3306;3529;3809;4023;4172;4207
94|4|Yellow|Harry Whelan|38622|__Harry Whelan||15:38|56;161;243;292;343;475;710;710;792;857;926;938
95|4|Yellow|Robert Young|41057|__Robert Young||18:12|61;201;309;364;427;571;805;919;989;1074;1092
96|4|Yellow|Milly Martin|36638|__Milly Martin||19:21|56;215;306;368;434;612;845;860;978;1064;1147;1161
97|4|Yellow|Efea Rutlin|38411|__Efea Rutlin||19:26|62;232;346;420;485;671;907;912;1011;1071;1149;1166
98|4|Yellow|Jack Goodwin|40438|__Jack Goodwin||19:38|72;192;291;349;505;631;855;867;1014;1080;1164;1178
99|4|Yellow|Daniel Hubbard|37700|__Daniel Hubbard||22:19|73;213;343;401;470;651;917;950;1104;1203;1315;1339
100|4|Yellow|Daniel Figg|38770|__Daniel Figg||22:24|54;285;380;446;509;679;933;951;1097;1215;1331;1344
101|4|Yellow|Josh McCaw|39017|__Josh McCaw||23:39|60;282;421;478;540;708;977;1008;1210;1288;1399;1419
102|4|Yellow|Ellie Kendal|36166|__Ellie Kendal||24:15|86;219;349;399;452;781;1062;1087;1248;1344;1438;1455
103|4|Yellow|Matthew Hubbard|37810|__Matthew Hubbard||24:36|112;274;395;485;555;772;1041;1075;1250;1356;1460;1476
104|4|Yellow|Leo Barr|41989|__Leo Barr||26:18|172;334;445;513;579;816;1139;1217;1350;1462;1549;1578
105|4|Yellow|Marcus Blowers|36998|__Marcus Blowers||26:26|76;270;427;508;636;842;1112;1186;1339;1461;1561;1586
106|4|Yellow|Matthew Hearn|36683|__Matthew Hearn||26:44|74;248;420;527;655;933;1277;1284;1432;1508;1575;1604
107|4|Yellow|Team Goodbun|41944|__Team Goodbun||26:48|220;383;494;560;623;863;1178;1265;1397;1509;1595;1608
108|4|Yellow|Evan Bowers|38475|__Evan Bowers||26:59|326;489;604;654;718;926;1175;1201;1328;1487;1604;1619
109|4|Yellow|Jack Clayton|37944|__Jack Clayton||28:21|87;313;542;600;668;884;1191;1254;1486;1568;1679;1701
110|4|Yellow|Rose Archer|37268|__Rose Archer||29:47|165;401;850;904;962;1108;1371;1372;1512;1599;1770;1787
111|4|Yellow|Alice Mackay|36481|__Alice Mackay||29:48|52;370;467;977;1044;1225;1461;1480;1610;1680;1775;1788
112|4|Yellow|Kai Rutlin|38081|__Kai Rutlin||30:33|262;531;678;757;819;1013;1277;1368;1552;1672;1813;1833
113|4|Yellow|Thomas Clayton|37611|__Thomas Clayton||31:13|179;305;490;548;598;791;1088;1218;1526;1648;1831;1873
114|4|Yellow|Nina Patel|36335|__Nina Patel||32:09|151;304;529;576;625;1431;1644;1769;1824;1913;1929
115|4|Yellow|Ellie Quinton|36414|__Ellie Quinton||32:09|89;242;425;490;587;825;1198;1366;1656;1771;1912;1929
116|4|Yellow|Felix Barr + Elliott Gray|41884|__Felix Barr + Elliott Gray||33:12|73;386;683;819;896;1122;1419;1490;1769;1888;1979;1992
117|4|Yellow|Hannah Stobart|36544|__Hannah Stobart||33:49|79;311;464;554;662;988;1397;1469;1648;1779;2010;2029
118|4|Yellow|Jack Parry|39963|__Jack Parry||33:56|99;294;519;621;766;1081;1446;1568;1742;1867;2010;2036
119|4|Yellow|Adam Green|39964|__Adam Green||34:18|102;296;510;612;719;1089;1463;1565;1749;1869;2023;2058
120|4|Yellow|Dominic Bowers|38557|__Dominic Bowers||34:55|117;334;492;581;667;995;1362;1516;1750;1906;2071;2095
121|4|Yellow|Jake Raven|39821|__Jake Raven||42:29|146;387;534;644;1404;1625;1902;2000;2243;2338;2494;2549
122|4|Yellow|Ben Green|39822|__Ben Green||42:41|142;387;532;631;1383;1628;1903;1997;2220;2333;2471;2561
123|4|Yellow|Alison Mace|38851|__Alison Mace||59:13|211;1371;1518;1619;2378;2618;2939;3030;3211;3351;3508;3553
124|4|Yellow|William Chandler|38198|__William Chandler||67:30|194;1343;1644;1764;1979;2495;3012;3322;3612;3766;4002;4050
125|4|Yellow|Isabel Green|40022|__Isabel Green||81:42|380;1043;1508;1841;2080;2818;3564;4159;4505;4671;4860;4902
126|4|Yellow|Thomas McCaw|39019|__Thomas McCaw||22:16|56;253;380;456;517;658;904;1170;1244;1325;1336
127|4|Yellow|B Levy + V Reynolds|38930|__B Levy + V Reynolds||82:38|139;1646;1799;1875;3674;4044;4175;4584;4756;4924;4958
