2|1|Orange|Jack Lewy|37972|__Jack Lewy||23:34|40;121;205;348;465;511;557;655;870;945;1197;1318;1354;1387;1414
3|1|Orange|Ellie Kendal|39925|__Ellie Kendal||24:10|52;144;319;447;599;668;729;839;1013;1070;1212;1342;1395;1423;1450
4|1|Orange|Marcus Blowers|40144|112072__Marcus Blowers||25:31|49;150;260;434;572;626;683;778;997;1045;1186;1340;1385;1509;1531
5|1|Orange|Thomas M'caw|37953|__Thomas M'caw||25:48|49;131;227;352;490;541;596;685;906;952;1301;1402;1493;1525;1548
6|1|Orange|ALice Mackay|37169|__ALice Mackay||26:16|54;145;259;561;707;767;832;927;1076;1149;1303;1428;1477;1556;1576
7|1|Orange|Lorna Mackay|37120|__Lorna Mackay||27:07|64;172;326;495;659;729;794;920;1103;1218;1370;1508;1556;1590;1627
8|1|Orange|Booth Family|40055|__Booth Family||27:15|64;166;275;456;656;726;800;935;1136;1224;1399;1528;1576;1612;1635
9|1|Orange|Daniel Hubbard|37426|__Daniel Hubbard||27:16|58;153;307;484;654;727;798;901;1118;1205;1354;1500;1559;1609;1636
10|1|Orange|Benjmin Parikh|37236|__Benjmin Parikh||27:37|64;150;344;501;671;734;799;915;1177;1234;1369;1480;1525;1627;1657
11|1|Orange|Heather Bayne|37289|__Heather Bayne||30:10|62;173;326;491;710;797;867;998;1277;1361;1528;1695;1745;1773;1810
12|1|Orange|Emma + Alberto|38517|__Emma + Alberto||32:10|67;162;354;762;840;916;982;1073;1236;1486;1638;1829;1866;1894;1930
13|1|Orange|Lucy Dean|36574|__Lucy Dean||32:43|52;162;415;656;843;911;981;1133;1444;1514;1658;1779;1828;1933;1963
14|1|Orange|Viv Hodson|41152|__Viv Hodson||36:10|70;204;463;761;997;1080;1164;1330;1544;1625;1839;2018;2076;2126;2170
15|1|Orange|Michael Chronias|38075|__Michael Chronias||37:44|37;108;270;497;636;693;748;831;1868;1951;2065;2167;2205;2243;2264
16|1|Orange|Dora Bognar|38185|__Dora Bognar||40:14|50;163;327;518;745;834;928;1098;1726;1823;1993;2175;2264;2358;2414
17|1|Orange|Neil Jeffries|38573|__Neil Jeffries||43:55|129;320;540;799;1102;1229;1347;1549;1850;1953;2205;2441;2513;2567;2635
18|1|Orange|James Kay|38340|__James Kay||58:52|161;328;528;1141;1423;1531;1647;2325;2714;2828;3091;3308;3397;3454;3532
19|1|Orange|Adam O Hara|38131|__Adam O Hara||23:32|53;151;278;422;606;670;762;907;1204;1276;1412
20|1|Orange|Alex Blowers|40479|210103__Alex Blowers||28:11|49;146;287;506;664;729;945;1138;1204;1387;1500;1537;1669;1691
21|2|Yellow|Josh McCaw|37907|__Josh McCaw||21:48|63;163;242;270;500;685;740;855;935;1053;1173;1256;1284;1308
22|2|Yellow|David Bognar|38127|__David Bognar||22:32|50;157;210;241;495;643;684;793;924;1083;1158;1247;1329;1352
23|2|Yellow|William Coomes|39435|__William Coomes||25:55|62;156;282;306;613;901;945;1074;1160;1301;1409;1498;1526;1555
24|2|Yellow|Thomas Heron|39344|__Thomas Heron||27:24|78;236;367;395;699;978;1027;1145;1246;1385;1491;1582;1619;1644
25|2|Yellow|Thomas O Hara|38202|__Thomas O Hara||27:40|55;181;263;307;553;965;1016;1138;1241;1367;1485;1581;1625;1660
26|2|Yellow|Rory O Hara|39851|__Rory O Hara||28:20|56;165;270;299;505;716;793;1007;1120;1315;1501;1615;1659;1700
27|2|Yellow|Ellie Midgeley|36991|__Ellie Midgeley||28:53|72;182;270;306;636;969;1018;1140;1303;1458;1558;1642;1694;1733
28|2|Yellow|Toby Scorer|39864|__Toby Scorer||31:10|64;195;291;331;614;1081;1130;1271;1414;1569;1667;1794;1829;1870
29|2|Yellow|Francesca Bayne|37305|__Francesca Bayne||33:38|67;215;329;372;767;982;1082;1290;1450;1669;1812;1915;1974;2018
30|2|Yellow|Peter Errington|37556|182974__Peter Errington||33:55|78;226;329;375;850;1089;1156;1339;1485;1674;1830;1938;2001;2035
31|2|Yellow|Alex Smith|36707|__Alex Smith||34:08|57;244;364;393;738;1298;1335;1471;1574;1730;1844;1961;2012;2048
32|2|Yellow|George Montague|36709|__George Montague||34:17|56;245;386;441;882;1298;1336;1470;1579;1735;1855;1963;2012;2057
33|2|Yellow|Nick Prince|39267|__Nick Prince||34:45|127;310;549;583;927;1108;1163;1335;1489;1709;1843;1972;2018;2085
34|2|Yellow|William Oldman|36723|__William Oldman||35:32|55;225;326;378;736;1276;1320;1464;1599;1754;1917;2029;2095;2132
35|2|Yellow|Daniel Hopper|36724|__Daniel Hopper||35:33|56;225;331;378;739;1277;1329;1467;1603;1758;1920;2031;2103;2133
36|2|Yellow|Anthony Bandle|36725|__Anthony Bandle||35:40|58;231;328;383;740;1284;1326;1461;1601;1763;1912;2032;2105;2140
37|2|Yellow|Milli Dalton|39441|__Milli Dalton||36:03|80;212;335;376;624;1031;1105;1268;1452;1666;1778;2107;2136;2163
38|2|Yellow|Eleanor Macewan-Hyde|36962|__Eleanor Macewan-Hyde||36:58|86;237;346;403;810;1063;1146;1328;1480;1724;1874;2028;2117;2218
39|2|Yellow|Jordan Neighbour|39250|__Jordan Neighbour||37:58|136;324;565;597;960;1219;1295;1479;1645;1876;2028;2215;2248;2278
40|2|Yellow|Beth Knight + Freya Jennings- Mares|36798|__Beth Knight + Freya Jennings- Mares||42:36|47;143;212;556;1429;1726;1769;1899;2054;2219;2324;2428;2483;2556
41|2|Yellow|Amelia Bennett + Anna Grigg|36861|__Amelia Bennett + Anna Grigg||42:57|57;175;253;429;809;1031;1068;1300;1714;1823;1955;2062;2242;2577
42|2|Yellow|Elly Wood + Sarah Joseph|36746|__Elly Wood + Sarah Joseph||43:03|64;193;262;605;1480;1782;1823;1948;2102;2278;2374;2483;2539;2583
43|2|Yellow|Dawn Cole & Kellie Speirs|37654|__Dawn Cole & Kellie Speirs||43:20|117;337;543;628;1050;1358;1453;1670;1883;2128;2322;2484;2531;2600
44|2|Yellow|Grace Gallagher-Hall + Georgia Chang-Evans|36436|__Grace Gallagher-Hall + Georgia Chang-Evans||43:44|45;167;263;302;989;1440;1749;1912;2032;2238;2329;2531;2602;2624
45|2|Yellow|Isaac Kennington|38706|__Isaac Kennington||44:53|111;266;377;421;869;1464;1540;1774;1909;2099;2269;2480;2639;2693
46|2|Yellow|Joseph Fielding|37177|465938__Joseph Fielding||56:33|131;387;578;675;1165;1474;1573;1863;2075;2519;3038;3240;3324;3393
47|2|Yellow|Katie Turner-Small|36504|__Katie Turner-Small||72:59|57;172;259;344;911;1427;1478;1677;1810;2046;2228;4115;4349;4379
48|2|Yellow|Ellie Coleby + Harry Derbyshire|36402|__Ellie Coleby + Harry Derbyshire||74:52|71;224;321;363;1054;1427;1738;1952;2056;2312;2425;4215;4447;4492
49|2|Yellow|Alex Fielding|37100|119143__Alex Fielding||28:46|61;188;259;301;553;1726
50|2|Yellow|Annabel Willis +Florence Williams|37055|__Annabel Willis +Florence Williams||37:56|57;174;279;312;1179;1475;1519;1658;1799;1975;2205;2236;2276
51|2|Yellow|Ben Wright|38035|__Ben Wright||38:28|46;232;828;940;1252;2239;2280;2308
52|2|Yellow|Curran Bhundia|38037|__Curran Bhundia||38:28|46;243;831;943;1252;2242;2285;2308
53|2|Yellow|Sylvia Westbrook & Grace|37367|__Sylvia Westbrook & Grace||48:24|91;242;347;405;897;1220;1320;1576;1721;1969;2263;2862;2904
54|3|White|Alex Lewis|38059|__Alex Lewis||8:55|48;105;178;263;292;368;508;535
55|3|White|David O Hara|38537|__David O Hara||9:11|60;139;186;271;305;393;522;551
56|3|White|Alice Temple|39487|__Alice Temple||9:54|48;198;236;316;351;425;553;594
57|3|White|Grace Horne|37581|__Grace Horne||10:12|61;133;196;295;341;457;578;612
58|3|White|Luke Temple|39448|__Luke Temple||10:18|58;114;163;301;332;470;588;618
59|3|White|Hannah Freeman|39560|226144__Hannah Freeman||10:29|66;159;263;334;364;463;602;629
60|3|White|Rory O'Hara|38302|__Rory O'Hara||12:45|50;144;201;278;479;588;735;765
61|3|White|Timea Biro|38120|__Timea Biro||14:04|86;177;251;375;417;595;788;844
62|3|White|Hilary Tong|41305|__Hilary Tong||19:08|170;310;413;527;638;828;1082;1148
63|3|White|Endre Czirbesz|38239|326829__Endre Czirbesz||23:41|108;205;285;532;617;848;1148;1421
64|3|White|Juliet Kennington|38723|__Juliet Kennington||25:44|160;283;386;585;660;940;1468;1544
65|4|Sprint 1|Rob Palmer|37761|403401__Rob Palmer||16:43|125;152;238;291;377;432;521;562;597;732;766;836;877;929;982;1003
66|4|Sprint 1|Kevin Fielding|36744|169598__Kevin Fielding||16:57|129;167;255;310;403;455;549;588;619;748;781;848;886;939;998;1017
67|4|Sprint 1|Chris Stobart|37470|__Chris Stobart||18:21|141;173;257;309;402;463;549;591;627;773;811;883;926;1022;1079;1101
68|4|Sprint 1|Simon Errington|37578|182971__Simon Errington||18:57|134;164;269;329;430;486;594;639;674;825;864;940;986;1048;1113;1137
69|4|Sprint 1|Richard Freeman|37822|226141__Richard Freeman||19:13|137;186;284;344;446;500;606;651;686;843;885;963;1010;1071;1134;1153
70|4|Sprint 1|Joe Temple|37411|__Joe Temple||19:19|132;164;254;313;416;481;576;626;667;828;869;946;987;1077;1141;1159
71|4|Sprint 1|James Harrison|37530|__James Harrison||19:47|138;168;273;334;444;513;615;663;700;875;913;992;1037;1106;1168;1187
72|4|Sprint 1|Joanathan Roache|37376|__Joanathan Roache||19:56|137;170;274;336;461;522;621;669;708;865;907;985;1031;1118;1178;1196
73|4|Sprint 1|Tom Lewis|37042|__Tom Lewis||20:25|143;179;282;348;457;521;628;679;723;886;925;1010;1059;1128;1203;1225
74|4|Sprint 1|Daniel Hodson|39739|__Daniel Hodson||20:33|178;214;311;371;476;544;645;693;736;900;941;1023;1071;1146;1213;1233
75|4|Sprint 1|Stu Levene|40520|130618__Stu Levene||21:00|172;204;313;380;488;554;668;719;757;931;974;1059;1108;1172;1238;1260
76|4|Sprint 1|Paul Hearn|38483|473521__Paul Hearn||21:13|163;210;317;381;493;580;689;736;773;942;986;1061;1107;1174;1243;1273
77|4|Sprint 1|Alan Rosen|36925|137402__Alan Rosen||21:17|142;175;283;349;466;543;669;721;760;931;984;1067;1119;1189;1257;1277
78|4|Sprint 1|Colin Webster|36986|404791__Colin Webster||21:20|162;197;309;391;510;573;682;733;771;939;984;1067;1118;1186;1258;1280
79|4|Sprint 1|Samuel Fielding|36623|152136__Samuel Fielding||21:53|148;178;328;390;539;601;710;759;795;958;1007;1087;1133;1219;1281;1313
80|4|Sprint 1|Beth Hanson|36405|__Beth Hanson||21:55|182;220;318;386;606;669;773;822;866;1019;1058;1132;1175;1240;1295;1315
81|4|Sprint 1|Dave Blowers|40495|137013__Dave Blowers||23:00|183;226;337;414;525;598;718;773;816;1013;1058;1149;1204;1279;1359;1380
82|4|Sprint 1|Jim Prowting|40971|132851__Jim Prowting||23:05|190;232;356;441;552;624;750;804;850;1023;1070;1158;1212;1285;1362;1385
83|4|Sprint 1|Rob Oldfield|38197|__Rob Oldfield||23:27|223;264;376;444;564;636;759;813;858;1045;1092;1177;1228;1302;1380;1407
84|4|Sprint 1|Patrick O Hara|40822|__Patrick O Hara||23:33|170;220;340;416;532;611;740;798;848;1031;1078;1174;1231;1325;1393;1413
85|4|Sprint 1|Eric Heritage|39693|318381__Eric Heritage||23:37|177;214;345;423;546;618;754;812;855;1035;1087;1188;1247;1320;1392;1417
86|4|Sprint 1|David Hodson|39801|__David Hodson||23:44|189;223;337;408;519;587;709;772;814;1039;1090;1189;1243;1326;1401;1424
87|4|Sprint 1|David Westcough|40075|__David Westcough||23:57|191;231;388;476;591;647;773;813;844;1057;1113;1239;1274;1322;1412;1437
88|4|Sprint 1|Annie Miles|37358|__Annie Miles||24:03|165;219;339;416;536;626;769;821;870;1062;1110;1200;1264;1346;1422;1443
89|4|Sprint 1|Janet Rosen|36802|137401__Janet Rosen||24:47|161;196;311;378;520;589;706;762;800;981;1169;1256;1311;1380;1459;1487
90|4|Sprint 1|Mark Salmon|36868|205319__Mark Salmon||25:53|193;229;365;446;593;684;841;912;953;1154;1198;1303;1367;1448;1522;1553
91|4|Sprint 1|James Errington|37641|182973__James Errington||25:53|178;234;377;448;582;650;787;867;913;1110;1171;1292;1365;1465;1530;1553
92|4|Sprint 1|Michael Parikh|37235|__Michael Parikh||25:59|330;377;489;555;678;753;871;925;971;1181;1225;1317;1371;1451;1530;1559
93|4|Sprint 1|Connor Kavanagh|37901|__Connor Kavanagh||26:00|239;276;391;461;579;654;784;846;897;1157;1208;1310;1361;1454;1533;1560
94|4|Sprint 1|Ben Catchpole|38065|__Ben Catchpole||26:22|175;202;326;405;502;568;663;707;744;1183;1231;1307;1351;1420;1564;1582
95|4|Sprint 1|Mike Shires|38422|170643__Mike Shires||26:35|193;233;366;436;582;659;807;872;937;1163;1205;1318;1393;1490;1566;1595
96|4|Sprint 1|Jade Jeffries|38577|__Jade Jeffries||26:54|199;256;408;524;652;744;876;933;981;1205;1250;1343;1403;1507;1583;1614
97|4|Sprint 1|Gillian Hanson|36580|304031__Gillian Hanson||27:20|185;222;352;432;559;827;955;1017;1060;1248;1298;1393;1450;1545;1615;1640
98|4|Sprint 1|Alexander Hughes|37935|__Alexander Hughes||28:27|210;247;358;424;535;597;715;762;801;1334;1384;1471;1526;1603;1686;1707
99|4|Sprint 1|David Phillips|36689|474291__David Phillips||29:32|194;243;387;484;724;811;968;1042;1100;1348;1397;1509;1578;1663;1746;1772
100|4|Sprint 1|Josh Hampton|37164|__Josh Hampton||30:59|148;175;262;314;631;693;785;826;874;1477;1513;1584;1642;1704;1778;1859
101|4|Sprint 1|Jame O Higgins|37706|182972__Jame O Higgins||32:03|281;342;503;605;779;873;1054;1111;1161;1430;1500;1642;1712;1803;1900;1923
102|4|Sprint 1|Heather Freeman|39087|226142__Heather Freeman||32:46|284;348;496;615;782;918;1095;1171;1235;1480;1542;1668;1740;1840;1939;1966
103|4|Sprint 1|David Chappell|38722|__David Chappell||42:15|210;279;509;667;871;1038;1280;1386;1469;1810;1899;2090;2201;2336;2477;2535
104|4|Sprint 1|Bob Kay|36631|387051__Bob Kay||43:26|341;405;614;745;962;1087;1314;1408;1484;1858;1939;2109;2214;2408;2551;2606
105|4|Sprint 1|Phil Ruis|37101|__Phil Ruis||24:38|158;188;328;380;711;767;873;925;1130;1173;1250;1298;1389;1452;1478
106|5|Sprint 2|Rob Palmer|39357|403401__Rob Palmer||16:33|21;155;208;262;381;478;539;567;626;782;820;920;993
107|5|Sprint 2|Kevin Fielding|38244|169598__Kevin Fielding||17:17|25;178;229;287;411;507;572;600;666;823;863;968;1037
108|5|Sprint 2|Samuel Fielding|38367|152136__Samuel Fielding||20:42|29;197;262;332;483;606;687;721;806;1005;1051;1162;1242
109|5|Sprint 2|Jim Prowting|42688|132851__Jim Prowting||21:42|33;205;278;352;506;626;713;749;823;1027;1079;1207;1302
110|5|Sprint 2|Eric Heritage|41946|318381__Eric Heritage||24:35|32;237;319;407;586;733;826;865;954;1169;1226;1377;1475
111|5|Sprint 2|Beth Hanson|38443|__Beth Hanson||19:23|29;198;259;327;573;649;678;750;936;978;1088;1163
