2|1|Course A2|Richard Robinson|49168|316361_727_Richard Robinson||12:48|33;50;119;136;161;219;248;268;291;309;359;383;422;468;512;549;577;659;669;679;702;723;742;758;768
3|2|Course A1|Robert Gardner|48269|194653_669_Robert Gardner||13:11|28;47;70;88;148;171;184;252;273;295;357;385;429;461;509;554;589;668;681;693;716;742;768;782;791
4|1|Course A2|Huw Stradling|48327|448841_684_Huw Stradling||13:29|31;53;121;138;162;220;246;266;291;312;363;392;422;460;506;551;591;672;684;695;717;741;766;800;809
5|1|Course A2|Chris Young|47126|456944_156_Chris Young||13:36|30;47;115;134;158;226;254;274;300;320;373;397;429;467;517;574;603;695;707;720;752;776;795;808;816
6|1|Course A2|Christopher MacKenzie|47487|457721_251_Christopher MacKenzie||13:44|35;49;120;137;160;225;254;274;299;320;378;405;439;473;524;573;609;702;713;733;758;780;804;814;824
7|1|Course A2|Quentin Harding|50307|393101_321_Quentin Harding||13:52|30;50;125;144;169;235;263;284;309;339;391;422;452;484;533;571;609;694;707;722;748;771;795;821;832
8|2|Course A1|Ciaran Allen|47967|396323_545_Ciaran Allen||13:57|31;58;79;100;159;185;201;286;305;331;399;430;462;499;550;590;625;722;733;744;767;789;811;824;837
9|2|Course A1|James Taylor|47727|450031_235_James Taylor||13:57|32;58;84;103;153;177;204;282;307;329;399;426;464;514;561;595;626;704;716;727;753;775;798;825;837
10|1|Course A2|Adam Potter|45927|363933_494_Adam Potter||14:04|32;51;126;146;170;254;283;305;329;350;405;433;469;506;555;605;630;719;731;744;768;793;820;834;844
11|2|Course A1|Todd Oates|51177|203035_652_Todd Oates||14:05|27;71;96;115;166;193;211;281;299;325;393;420;455;485;530;567;600;683;694;712;736;759;780;833;845
12|1|Course A2|Carl Edmonds|47247|456501_25_Carl Edmonds||14:11|30;47;118;134;157;221;248;272;295;314;364;395;438;477;528;580;611;706;731;755;782;806;828;841;851
13|1|Course A2|Robert Kelly|48027|447741_394_Robert Kelly||14:14|32;54;124;142;168;235;265;288;313;334;389;417;458;497;551;596;633;720;736;749;775;799;825;843;854
14|1|Course A2|Jonathan Malley|47366|433451_106_Jonathan Malley||14:19|29;47;117;134;156;225;251;274;297;321;382;406;438;472;518;578;607;689;702;716;741;764;815;849;859
15|2|Course A1|Yasha Chechik|48146|462533_619_Yasha Chechik||14:24|33;66;96;116;173;201;216;300;321;345;412;443;477;511;565;610;647;740;752;764;789;813;833;852;864
16|2|Course A1|Thomas Louth|47427|410595_44_Thomas Louth||14:25|31;64;107;128;189;213;229;302;320;347;413;441;473;525;571;610;644;723;741;766;790;825;846;856;865
17|1|Course A2|Chris Owens|47668|455294_150_Chris Owens||14:35|31;49;129;148;174;248;281;304;332;354;420;446;478;511;568;614;645;734;748;759;785;816;845;860;875
18|2|Course A1|Olly Williams|46827|177700_770_Olly Williams||14:41|29;50;73;101;150;177;194;269;287;309;374;406;441;478;529;595;623;712;755;766;790;815;855;869;881
19|2|Course A1|Kristopher Smith|50158|184007_801_Kristopher Smith||14:42|30;58;81;135;199;223;244;311;330;353;420;449;481;520;569;603;629;721;732;751;775;798;823;872;882
20|2|Course A1|Matthew Penellum|47067|457061_10_Matthew Penellum||14:47|33;57;82;101;156;183;201;276;295;324;390;421;462;504;557;630;657;755;789;800;825;847;866;876;887
21|2|Course A1|Paul Thornton|50817|409271_20_Paul Thornton||14:50|34;54;79;101;164;190;205;287;306;330;397;430;465;505;557;603;638;731;745;758;783;811;838;879;890
22|1|Course A2|Harrison McCartney|5489|_9999_Harrison McCartney||14:55|32;54;135;154;181;251;283;304;329;351;410;439;473;508;564;600;630;727;740;755;783;811;839;883;895
23|2|Course A1|Andrew Lindsay|47607|451394_96_Andrew Lindsay||15:00|36;59;86;107;175;202;220;311;332;360;434;467;503;540;595;638;669;774;786;799;825;850;874;890;900
24|2|Course A1|Nigel Wright|5217|478192_63_Nigel Wright||15:09|46;97;120;142;197;225;252;326;346;371;437;468;500;550;599;644;673;763;777;790;815;851;872;895;909
25|1|Course A2|Andrew Dalgleish|50607|428571_606_Andrew Dalgleish||15:15|39;56;130;149;175;242;274;295;323;346;404;431;464;514;574;624;659;757;771;784;810;837;870;903;915
26|2|Course A1|Mark Saunders|7918|193181_527_Mark Saunders||15:18|34;78;107;132;190;221;240;323;342;369;441;474;511;546;596;632;670;764;777;790;815;840;864;906;918
27|1|Course A2|Matthias Kunz|6570|_10000_Matthias Kunz||15:23|35;68;139;156;183;258;287;320;345;389;444;472;544;578;628;657;685;778;792;806;831;855;882;912;923
28|1|Course A2|Jon Cross|51088|328742_402_Jon Cross||15:40|34;52;135;154;181;248;279;301;328;364;420;446;482;517;568;616;658;756;767;778;805;877;899;929;940
29|1|Course A2|Craig Nolan|46408|418674_409_Craig Nolan||15:48|36;54;145;163;188;266;297;319;347;389;450;477;510;544;596;634;667;767;780;804;829;853;878;933;948
30|1|Course A2|Alex McCann|46528|454263_194_Alex McCann||15:59|35;54;139;157;182;258;289;311;341;363;429;457;498;565;617;669;708;812;826;838;872;899;922;947;959
31|2|Course A1|Ian Maxwell|49857|426911_266_Ian Maxwell||16:03|37;60;92;122;177;203;219;312;331;365;432;462;496;532;583;633;669;780;799;821;853;882;915;953;963
32|2|Course A1|Alan Irving|50637|451451_392_Alan Irving||16:03|37;60;87;114;173;203;222;307;327;355;433;465;500;539;595;649;681;780;794;823;854;880;908;951;963
33|1|Course A2|Graeme Ross|8247|308212_576_Graeme Ross||16:06|44;73;149;171;206;282;317;344;375;404;462;489;524;563;616;670;700;801;822;835;867;898;937;954;966
34|2|Course A1|Samuel Horsewill|47187|107473_735_Samuel Horsewill||16:06|35;59;88;111;177;207;225;311;334;363;440;476;513;553;614;658;708;814;833;847;878;907;939;954;966
35|1|Course A2|Graham Louth|7468|410591_46_Graham Louth||16:08|31;50;129;149;177;252;284;311;343;393;452;482;517;555;615;664;697;821;834;857;886;915;948;959;968
36|1|Course A2|Mark Libby|7528|441916_360_Mark Libby||16:19|33;57;137;157;189;266;301;336;371;397;467;497;538;587;645;696;731;838;855;871;903;930;955;968;979
37|1|Course A2|Brian Ward|49529|128931_231_Brian Ward||16:24|46;74;164;185;212;288;321;344;373;396;453;483;530;566;619;661;703;798;810;825;856;881;908;971;984
38|2|Course A1|John Britton|50397|307031_2_John Britton||16:24|38;64;95;127;189;219;238;328;350;384;458;496;540;580;636;688;728;833;849;865;894;928;957;973;984
39|2|Course A1|Alistair Hindle|51358|206903_696_Alistair Hindle||16:28|37;78;109;132;195;223;244;328;349;375;454;494;549;589;649;697;751;851;863;882;908;934;961;977;988
40|1|Course A2|William Parkinson|46887|120183_751_William Parkinson||16:29|37;62;145;164;193;274;306;336;369;391;475;504;546;577;633;695;734;854;868;880;909;936;959;976;989
41|2|Course A1|Robert Moody|6597|_10005_Robert Moody||16:37|42;133;159;180;235;264;284;360;381;416;485;513;553;590;638;677;768;855;871;888;914;938;964;983;997
42|2|Course A1|Steve Hinshelwood|5938|417811_539_Steve Hinshelwood||16:41|39;69;94;117;176;208;238;340;363;394;467;504;553;591;659;699;728;839;855;872;904;934;963;990;1001
43|2|Course A1|Stephen Kimberley|48958|222351_695_Stephen Kimberley||16:42|36;61;93;119;182;215;241;338;358;386;470;508;549;590;646;704;741;842;862;882;911;941;965;987;1002
44|2|Course A1|Alistair Thornton|46347|323953_178_Alistair Thornton||16:43|42;72;102;128;196;225;247;346;367;397;477;510;547;591;648;703;742;846;860;879;909;952;976;992;1003
45|1|Course A2|Craig Thomson|47786|193242_122_Craig Thomson||16:47|31;49;128;150;179;252;284;310;342;365;435;470;516;555;613;672;722;827;842;856;884;911;942;997;1007
46|1|Course A2|Anthony Hall|5369|746982_628_Anthony Hall||16:47|37;60;138;161;199;272;302;325;353;382;438;466;506;545;593;642;680;798;817;831;863;896;947;996;1007
47|2|Course A1|Ian Ditchfield|8217|294071_700_Ian Ditchfield||16:49|36;74;102;129;190;222;246;340;362;391;466;500;539;579;637;688;723;825;867;880;907;934;985;996;1009
48|1|Course A2|Patrick Smyth|8573|_33_Patrick Smyth||16:50|36;56;143;168;201;276;317;343;372;401;485;515;553;597;655;693;736;831;852;880;930;955;979;996;1010
49|2|Course A1|Alasdair Wilson Craw|7324|168691_53_Alasdair Wilson Craw||16:53|43;74;103;129;190;225;248;332;352;384;495;525;561;621;668;722;754;847;861;878;904;932;962;1002;1013
50|2|Course A1|John Taylor|6538|397431_329_John Taylor||16:54|39;79;109;133;196;228;249;329;354;402;476;517;555;592;653;696;747;852;867;883;923;960;985;1002;1014
51|2|Course A1|Martin Skinner|7017|388082_457_Martin Skinner||17:02|36;60;87;111;187;217;241;326;349;386;461;494;530;565;617;667;697;792;803;821;848;872;897;1009;1022
52|1|Course A2|Joe Woodley|46169|315663_141_Joe Woodley||17:03|38;74;151;171;206;281;311;332;372;422;490;516;552;591;648;701;738;843;855;871;896;925;958;1012;1023
53|2|Course A1|Tony Thornley|7497|116341_419_Tony Thornley||17:06|45;72;102;128;194;230;255;352;376;422;499;537;579;629;689;740;767;878;892;907;937;966;994;1011;1026
54|2|Course A1|Paul Beresford|48538|430011_763_Paul Beresford||17:10|39;61;88;111;181;211;234;329;354;386;474;514;556;599;662;722;756;876;890;905;935;963;998;1017;1030
55|1|Course A2|Ryan Wilson|48207|127113_640_Ryan Wilson||17:13|32;53;130;154;184;275;304;327;377;400;465;497;537;581;642;710;750;898;910;926;952;980;1010;1022;1033
56|2|Course A1|Andrew Kelly|49557|128681_398_Andrew Kelly||17:15|40;63;96;120;186;226;248;339;362;393;477;513;553;593;655;719;754;861;875;891;924;953;988;1020;1035
57|1|Course A2|Eric Jong|6989|_10004_Eric Jong||17:19|35;53;141;160;192;268;304;331;366;389;454;484;528;570;629;680;711;844;856;868;895;963;982;1029;1039
58|1|Course A2|Iain Tebbutt|6029|336751_356_Iain Tebbutt||17:32|40;57;163;185;217;302;337;362;392;417;482;516;556;596;657;712;754;877;903;919;947;979;1005;1040;1052
59|1|Course A2|Andrew Evans|7769|178251_55_Andrew Evans||17:42|38;61;162;183;213;291;325;359;401;429;503;536;577;614;677;730;776;881;894;908;936;971;1005;1051;1062
60|2|Course A1|Adam Poole|6777|439942_421_Adam Poole||17:43|40;81;111;134;192;224;240;339;361;389;466;498;537;576;634;708;756;858;880;894;928;955;984;1052;1063
61|2|Course A1|Graham Watson|6060|463191_473_Graham Watson||17:45|40;65;98;128;198;240;259;349;372;406;492;529;573;619;685;750;787;906;923;940;972;1008;1042;1054;1065
62|2|Course A1|Neil Harvatt|51477|404941_213_Neil Harvatt||17:46|42;65;93;118;181;217;235;330;352;384;464;500;537;577;634;694;735;853;868;886;916;947;976;1029;1066
63|1|Course A2|Mike Hampton|5849|138181_341_Mike Hampton||17:55|40;61;155;177;211;290;328;356;394;420;488;523;570;609;673;733;785;902;918;937;968;1015;1048;1062;1075
64|2|Course A1|Matthew Fellbaum|45328|443255_164_Matthew Fellbaum||17:57|48;85;119;147;218;253;274;368;391;423;509;552;597;636;702;745;782;906;956;968;999;1027;1055;1066;1077
65|1|Course A2|Mike Pedley|5788|291871_507_Mike Pedley||18:06|41;69;161;181;214;286;323;353;386;415;476;507;545;584;639;696;734;836;851;871;909;936;971;1071;1086
66|2|Course A1|Paul McMillan|5277|463812_74_Paul McMillan||18:11|38;62;94;123;188;224;281;368;389;424;507;543;583;635;699;763;801;923;968;985;1015;1042;1069;1082;1091
67|2|Course A1|Richard Gardner|7736|194651_667_Richard Gardner||18:13|40;64;95;120;188;222;250;351;373;407;493;535;577;619;682;752;813;928;942;958;989;1018;1046;1079;1093
68|1|Course A2|Mark Thomson|5607|114571_120_Mark Thomson||18:18|35;61;154;178;210;297;340;366;399;426;500;533;586;630;694;753;801;934;950;971;1003;1035;1068;1082;1098
69|1|Course A2|Stephen Fellbaum|6929|443252_168_Stephen Fellbaum||18:20|42;64;158;181;212;301;344;376;408;444;518;555;600;643;713;760;803;914;934;959;990;1021;1050;1087;1100
70|2|Course A1|Nicholas Evans|6178|262232_335_Nicholas Evans||18:20|39;70;104;130;189;220;245;328;347;375;457;489;532;618;672;724;755;861;894;930;958;1000;1070;1087;1100
71|1|Course A2|Richard Spendlove|6207|451001_413_Richard Spendlove||18:25|50;79;162;185;220;303;340;376;405;435;492;522;559;603;658;722;763;877;898;917;955;996;1026;1089;1105
72|1|Course A2|Paul Boyles|8367|456031_533_Paul Boyles||18:37|35;103;188;211;240;337;376;407;443;471;550;587;635;683;751;796;837;965;980;996;1030;1058;1087;1105;1117
73|2|Course A1|Julian Warren|6297|331951_553_Julian Warren||18:38|41;71;109;139;209;242;270;386;412;441;524;561;606;658;721;783;820;926;942;961;999;1028;1054;1106;1118
74|1|Course A2|Crawford Lindsay|7709|451391_102_Crawford Lindsay||18:44|41;63;188;212;241;319;357;386;425;456;525;560;600;644;702;777;829;933;948;964;998;1036;1076;1112;1124
75|1|Course A2|Roger Scrutton|8007|295271_661_Roger Scrutton||18:56|44;65;158;183;216;295;333;360;398;448;526;562;609;669;725;787;826;941;989;1001;1032;1062;1095;1124;1136
76|2|Course A1|Peter Jones|5457|166212_380_Peter Jones||19:02|40;78;108;134;206;240;268;379;403;436;522;565;628;670;737;785;821;959;975;993;1027;1064;1107;1126;1142
77|1|Course A2|Tony Davies|8187|240451_364_Tony Davies||19:02|47;73;172;195;228;313;354;385;426;459;530;566;605;650;712;776;817;950;964;980;1012;1044;1077;1125;1142
78|1|Course A2|Andy Emmerson|6267|124001_94_Andy Emmerson||19:08|39;60;147;169;201;322;358;382;411;440;510;543;588;627;682;758;808;929;957;986;1016;1047;1081;1137;1148
79|1|Course A2|Andy Allen|6688|396321_548_Andy Allen||19:10|35;56;161;184;222;304;343;370;400;452;518;550;586;626;687;760;808;924;939;960;994;1038;1074;1137;1150
80|1|Course A2|Chris Littler|5550|461661_786_Chris Littler||19:10|47;68;163;190;234;320;366;411;442;473;554;591;638;684;756;813;860;992;1009;1026;1057;1088;1122;1134;1150
81|2|Course A1|Barrie Speake|50876|127961_129_Barrie Speake||19:15|47;96;129;173;246;279;301;418;443;479;563;604;646;690;757;821;858;976;991;1009;1044;1087;1118;1142;1155
82|1|Course A2|Jack Smith|45267|140911_749_Jack Smith||19:19|48;73;175;202;236;321;363;400;442;473;546;579;632;679;749;808;841;971;1020;1035;1065;1100;1132;1147;1159
83|1|Course A2|Pete Owens|7288|455292_152_Pete Owens||19:20|38;58;158;183;218;300;345;374;406;436;509;543;587;645;710;770;834;964;979;995;1035;1069;1120;1149;1160
84|2|Course A1|Edward Mellor|51537|432881_258_Edward Mellor||19:22|36;82;111;135;209;243;287;385;409;442;532;577;627;672;741;808;852;1002;1016;1030;1063;1093;1128;1148;1162
85|1|Course A2|Pawel Bugajski|6449|179042_805_Pawel Bugajski||19:24|41;64;163;186;219;316;355;381;418;451;556;595;638;684;752;813;856;986;1011;1038;1070;1100;1134;1151;1164
86|2|Course A1|Henrik Palmen|8642|_698_Henrik Palmen||19:32|47;101;131;156;226;259;280;369;389;424;501;534;573;656;719;759;787;897;1005;1041;1070;1102;1137;1157;1172
87|2|Course A1|Rowan Lee|45208|511613_731_Rowan Lee||19:32|44;80;111;156;235;264;291;389;418;456;563;602;644;695;756;810;850;983;1004;1038;1074;1108;1146;1160;1172
88|1|Course A2|Douglas Henderson|51506|159191_104_Douglas Henderson||19:44|37;66;212;238;274;364;405;429;464;494;557;594;652;699;763;826;879;1016;1036;1054;1087;1117;1151;1174;1184
89|2|Course A1|Dave Brown|50097|436701_135_Dave Brown||19:49|38;70;102;134;213;244;267;359;384;419;504;545;604;657;723;786;822;952;969;990;1021;1078;1161;1177;1189
90|2|Course A1|Matthew Nash|47306|393093_237_Matthew Nash||20:03|35;55;81;102;168;193;211;408;430;465;540;571;610;652;703;753;787;909;970;982;1016;1045;1073;1188;1203
91|2|Course A1|Sean Penellum|45988|476661_8_Sean Penellum||20:05|44;74;105;135;213;239;274;372;402;446;564;603;649;694;764;848;879;1007;1029;1050;1078;1103;1137;1195;1205
92|1|Course A2|Alex Hall|45628|136098_440_Alex Hall||20:36|57;79;180;204;241;327;370;413;452;488;581;620;681;720;789;848;877;1014;1031;1047;1075;1110;1145;1216;1236
93|1|Course A2|David Fairbairn|7167|449031_568_David Fairbairn||20:46|44;77;170;194;237;323;365;400;436;466;546;580;625;670;800;839;887;1013;1031;1063;1098;1158;1184;1231;1246
94|2|Course A1|Adam Leaf|7078|455671_463_Adam Leaf||20:50|39;85;120;147;239;276;294;399;424;456;555;597;647;690;757;798;840;975;991;1006;1040;1078;1115;1236;1250
95|1|Course A2|Ewan McMillan|45148|463814_71_Ewan McMillan||21:04|48;77;163;184;224;304;337;371;429;593;671;699;741;795;879;923;969;1074;1141;1153;1186;1218;1242;1254;1264
96|1|Course A2|Jim Elder|6628|341311_815_Jim Elder||21:05|51;74;176;208;259;348;390;420;459;503;572;609;661;706;773;864;917;1055;1081;1100;1133;1175;1222;1250;1265
97|2|Course A1|Robert Nash|50337|393092_243_Robert Nash||21:08|42;70;105;138;221;262;295;406;433;468;568;617;666;714;798;860;901;1066;1099;1129;1160;1189;1222;1254;1268
98|1|Course A2|Christopher Wright|6807|109701_574_Christopher Wright||21:13|46;77;166;188;221;317;355;383;419;478;544;581;622;684;758;822;879;1009;1045;1092;1143;1181;1235;1256;1273
99|2|Course A1|Olli-Pekka Kärkkäinen|6118|_78_Olli-Pekka Kärkkäinen||21:16|42;98;137;164;231;267;288;426;450;493;585;627;670;725;792;842;889;1011;1027;1042;1075;1106;1139;1261;1276
100|1|Course A2|Antoni Szotek|5428|_487_Antoni Szotek||21:24|66;101;219;241;277;383;426;481;520;553;632;670;718;782;847;895;934;1066;1115;1141;1176;1215;1248;1267;1284
101|1|Course A2|Jonathan Eaton|48509|476561_210_Jonathan Eaton||21:28|48;71;165;190;232;334;377;427;468;513;603;636;695;753;833;907;955;1102;1125;1144;1177;1218;1259;1276;1288
102|1|Course A2|Jeremy Walford|6748|218814_300_Jeremy Walford||21:41|58;99;207;244;282;380;436;465;505;533;612;647;687;741;811;892;947;1106;1124;1141;1200;1230;1256;1287;1301
103|2|Course A1|Michael Lord|5636|425561_822_Michael Lord||21:46|44;94;126;153;227;264;283;381;406;442;599;642;686;731;794;857;897;1012;1032;1076;1112;1156;1193;1289;1306
104|2|Course A1|Nicholas Maxwell|7257|286421_216_Nicholas Maxwell||21:52|50;88;124;166;250;298;326;435;466;510;625;681;733;782;859;933;979;1125;1146;1167;1210;1244;1281;1298;1312
105|2|Course A1|Nev Myers|50758|196641_663_Nev Myers||21:56|48;76;114;146;257;296;317;450;479;518;637;690;749;800;879;937;982;1155;1169;1184;1216;1251;1285;1301;1316
106|2|Course A1|Colin Matheson|6717|170382_415_Colin Matheson||22:00|42;89;121;166;245;281;305;403;430;463;555;601;648;696;766;822;873;1009;1030;1133;1169;1238;1265;1303;1320
107|1|Course A2|Matti Hakamäki|6088|_77_Matti Hakamäki||22:02|38;75;156;215;246;320;352;379;411;459;547;577;620;714;766;818;852;953;975;990;1018;1256;1285;1309;1322
108|2|Course A1|Roger Jackson|51056|115812_176_Roger Jackson||22:02|55;124;160;197;273;309;351;455;483;521;617;664;728;830;894;959;1009;1146;1164;1183;1217;1251;1287;1309;1322
109|1|Course A2|Chris Rostron|50428|348421_187_Chris Rostron||22:18|53;80;189;227;267;367;417;451;495;530;623;666;720;784;872;944;994;1145;1165;1186;1226;1269;1307;1324;1338
110|1|Course A2|Ronan Cleary|51267|237611_594_Ronan Cleary||22:21|51;86;193;218;255;346;387;421;457;484;557;611;672;725;789;860;903;1021;1039;1056;1092;1132;1168;1326;1341
111|1|Course A2|Frank Major|7828|236411_50_Frank Major||22:29|57;93;199;220;256;399;437;489;523;559;669;710;771;851;911;960;1007;1153;1195;1214;1247;1278;1310;1335;1349
112|2|Course A1|Leslie Dalgleish|49620|434962_604_Leslie Dalgleish||22:32|46;100;141;181;262;302;354;462;493;534;649;698;751;801;871;939;988;1145;1162;1182;1220;1254;1292;1337;1352
113|1|Course A2|Jack Lord|45387|425564_734_Jack Lord||22:32|46;67;170;192;234;369;405;462;500;534;612;643;711;768;849;939;975;1131;1151;1171;1204;1241;1279;1342;1352
114|1|Course A2|Tom Mackenzie|6867|464951_249_Tom Mackenzie||22:39|39;56;157;182;225;324;366;392;508;674;751;786;833;888;953;1013;1055;1194;1210;1226;1259;1288;1323;1342;1359
115|1|Course A2|Paul Eaton|45508|476563_208_Paul Eaton||22:42|44;117;224;249;287;381;425;466;503;539;623;664;724;805;877;954;990;1136;1154;1170;1200;1238;1272;1338;1362
116|1|Course A2|Steve Burge|5911|112081_515_Steve Burge||22:45|54;83;200;231;273;380;436;473;512;544;629;667;727;775;852;931;1017;1158;1180;1201;1241;1285;1324;1349;1365
117|2|Course A1|John Pullin|6479|417601_124_John Pullin||22:59|55;108;142;171;246;283;325;434;460;505;607;649;695;739;807;858;931;1069;1089;1141;1178;1260;1308;1364;1379
118|1|Course A2|Jeremy Lakey|7947|440401_295_Jeremy Lakey||23:05|59;85;208;235;313;421;468;504;550;581;694;736;796;853;931;990;1034;1171;1195;1214;1253;1291;1328;1361;1385
119|1|Course A2|David Olivant|5729|176531_780_David Olivant||23:08|50;89;206;234;271;370;414;452;499;538;622;663;704;753;829;890;943;1120;1184;1208;1245;1297;1338;1372;1388
120|2|Course A1|Neil Sprot|8096|276961_84_Neil Sprot||23:16|42;76;115;267;336;373;400;528;553;597;693;734;829;884;953;1014;1057;1203;1231;1268;1309;1342;1371;1383;1396
121|1|Course A2|Christopher Lakey|47906|440403_291_Christopher Lakey||23:42|52;98;220;248;288;397;439;479;520;557;664;699;762;822;909;956;987;1161;1219;1233;1272;1303;1340;1410;1422
122|1|Course A2|Clive Wilson|7588|127111_642_Clive Wilson||23:50|44;72;158;182;210;299;338;365;406;434;517;554;600;647;726;781;869;1115;1143;1174;1242;1303;1368;1395;1430
123|2|Course A1|Stephen Walsh|5878|470512_717_Stephen Walsh||23:56|49;139;175;214;314;348;374;498;523;591;683;726;780;831;903;980;1038;1180;1206;1228;1267;1308;1354;1423;1436
124|1|Course A2|David Potter|50548|363932_496_David Potter||23:59|45;73;181;202;235;319;359;428;471;526;667;701;768;823;888;971;1016;1146;1183;1255;1294;1332;1370;1425;1439
125|2|Course A1|Grahame Crawshaw|7377|130471_222_Grahame Crawshaw||24:24|61;122;172;215;301;347;381;501;530;578;679;727;779;870;956;1032;1089;1248;1269;1291;1324;1365;1402;1448;1464
126|1|Course A2|Brian Slater|51327|130571_630_Brian Slater||24:36|56;90;206;231;278;395;440;506;550;589;678;719;769;858;931;1025;1074;1229;1254;1275;1316;1365;1418;1456;1476
127|1|Course A2|Steve Buckley|7648|120611_18_Steve Buckley||24:45|52;105;313;335;384;492;531;561;603;635;723;756;802;860;919;991;1052;1242;1317;1328;1378;1418;1452;1472;1485
128|1|Course A2|Jonathan Lakey|46047|440404_289_Jonathan Lakey||25:11|50;89;207;236;281;401;450;503;556;609;728;769;835;903;994;1048;1094;1281;1304;1323;1366;1407;1440;1495;1511
129|2|Course A1|Alasdair Pedley|5578|291873_503_Alasdair Pedley||25:15|57;129;161;193;294;346;456;558;587;674;767;805;859;901;978;1092;1154;1313;1353;1367;1397;1444;1474;1504;1515
130|2|Course A1|John Thompson|7796|144521_680_John Thompson||26:01|61;109;152;190;295;335;372;510;542;588;711;775;831;899;977;1093;1153;1313;1342;1362;1405;1450;1486;1511;1561
131|2|Course A1|Stephen Round|8431|375931_366_Stephen Round||26:03|44;215;245;279;369;404;444;565;591;629;730;776;852;896;960;1043;1082;1214;1245;1263;1309;1408;1439;1549;1563
132|2|Course A1|Oliver Wright|46708|458633_435_Oliver Wright||27:40|47;99;140;168;258;290;328;473;566;612;776;820;875;1037;1121;1189;1237;1440;1468;1490;1540;1583;1627;1649;1660
133|2|Course A1|Simon West|45448|153365_743_Simon West||27:45|62;124;163;193;281;313;346;479;509;547;711;757;821;888;961;1030;1062;1228;1419;1431;1477;1520;1555;1653;1665
134|1|Course A2|Mike Atherton|6390|204301_205_Mike Atherton||30:14|77;109;283;323;375;532;602;649;710;755;871;930;1007;1098;1209;1291;1353;1559;1582;1605;1656;1710;1768;1791;1814
135|2|Course A1|Joshua Boyles|5518|456034_531_Joshua Boyles||31:30|53;103;152;192;327;375;411;572;608;662;812;870;943;1116;1208;1356;1396;1587;1621;1640;1694;1768;1837;1877;1890
136|2|Course A1|Philip Young|6236|456941_158_Philip Young||35:20|48;103;154;207;315;361;468;629;664;732;881;962;1040;1116;1221;1359;1426;1652;1680;1720;1782;1838;1926;2098;2120
137|1|Course A2|Jedrzej Szotek|5398|_485_Jedrzej Szotek||DNF (22:40)|41;322;413;
138|1|Course A2|Andy Lewsley|6509|107271_285_Andy Lewsley||DNF (17:32)|40;66;158;196;226;300;335;377;408;472;533;562;596;634;687;739;774;874;922;943;974;1004;
139|2|Course A1|David Murphy|6837|319511_765_David Murphy||DNF (22:12)|46;237;271;296;371;405;423;515;539;575;654;692;737;783;851;914;979;1125;1144;1161;1197;1285;1306;
140|2|Course A1|Guy Goodair|5818|130401_773_Guy Goodair||DNF (34:33)|48;107;151;289;387;425;464;583;611;654;761;816;883;1020;1101;1224;1283;1488;1867;1897;1941;1998;
141|2|Course A1|Niall Allen|46108|396324_543_Niall Allen||DNF (15:49)|34;58;86;110;174;208;225;313;333;359;436;470;515;552;612;668;694;802;816;829;856;882;
142|2|Course A1|Panu Haaramo|8967|_707_Panu Haaramo||DNF (19:55)|47;84;111;142;264;292;315;416;437;464;539;572;617;694;747;821;860;976;996;1029;1058;1101;1162;
143|2|Course A1|Euan Tebbutt|49197|336753_353_Euan Tebbutt||DNF (19:30)|45;82;117;148;229;265;286;385;410;444;549;597;643;685;757;815;853;984;1000;1019;1053;
144|2|Course A1|Francis Shillitoe|48898|802182_137_Francis Shillitoe||DNF (16:00)|36;60;86;115;180;209;226;
145|1|Course A2|Barnaby Warren|46287|331953_555_Barnaby Warren||DNF (20:06)|70;98;182;203;248;360;394;416;450;508;574;604;639;677;738;796;864;996;1013;
146|2|Course A1|Bob Cooper|8037|350901_327_Bob Cooper||DNF (21:31)|38;65;95;130;207;241;412;
147|1|Course A2|Jordan Webster|46770|475983_747_Jordan Webster||DNF (18:41)|43;78;156;180;217;294;323;345;375;396;473;499;570;610;715;776;816;921;1007;1021;1055;
148|2|Course A1|Ben Moore|45088|888281_753_Ben Moore||DNF (26:59)|54;96;143;180;282;324;368;518;545;595;723;778;835;906;995;1061;1101;1294;1448;1469;1505;1544;1581;
149|1|Course A2|Mark Webster|5249|475981_522_Mark Webster||DNF (19:16)|39;74;163;187;217;304;344;376;407;438;512;549;589;631;697;751;812;959;975;990;1021;1050;1082;
150|2|Course A1|Nick Malbon|46947|197587_755_Nick Malbon||DNF (15:28)|33;55;106;130;189;224;254;339;359;389;
151|1|Course A2|Thomas Webster|45029|475985_518_Thomas Webster||DNF (29:10)|74;112;257;282;345;503;572;614;683;719;829;868;
152|1|Course A2|Ben Beresford|46650|430013_739_Ben Beresford||DNF (14:50)|36;55;123;143;170;247;273;293;320;343;403;428;472;507;554;602;638;735;
153|1|Course A2|Hamish Rogers|45809|466151_4_Hamish Rogers||DNF (15:28)|42;60;137;157;182;253;284;308;337;361;429;454;495;529;580;630;654;746;760;774;
154|1|Course A2|Callum Pearson|47008|179879_796_Callum Pearson||DNF (16:36)|36;62;151;172;209;280;310;360;393;415;471;498;538;
155|2|Course A1|Graham Hemingway|47846|294095_448_Graham Hemingway||DNF (17:12)|26;85;111;133;203;227;242;326;347;376;452;485;532;622;673;707;744;841;853;864;891;
156|1|Course A2|Andrew Bradley|5669|202441_147_Andrew Bradley||DNF (17:33)|39;57;136;155;187;270;300;416;443;472;532;562;598;636;689;745;794;901;918;935;973;
157|1|Course A2|George Rassovsky|7050|_10002_George Rassovsky||DNF (24:11)|111;145;267;294;373;499;551;596;637;667;753;796;848;904;987;1048;1088;1240;1261;1283;1330;1373;1417;
158|3|Course B2|Pippa Archer|49737|438821_808_Pippa Archer||11:54|32;52;128;154;220;251;274;298;326;348;374;398;428;452;495;577;585;601;633;652;673;704;714
159|3|Course B2|Alice Leake|46948|425363_562_Alice Leake||12:22|32;50;127;155;225;254;276;305;335;357;390;416;448;474;526;618;627;643;678;697;718;731;742
160|3|Course B2|Zoe Harding|46587|393104_323_Zoe Harding||12:31|34;52;130;164;233;265;289;317;347;372;400;424;456;482;522;621;630;650;682;701;726;739;751
161|3|Course B2|Jenny Evans|46707|262234_339_Jenny Evans||13:02|35;56;141;165;235;265;289;343;372;395;424;448;480;507;547;650;658;679;712;733;755;770;782
162|3|Course B2|Rachel Majumdar|6358|437431_10003_Rachel Majumdar||13:06|41;59;144;194;266;297;320;346;375;400;428;454;484;508;546;632;643;676;709;733;758;773;786
163|3|Course B2|Sarah Jones|45990|469971_427_Sarah Jones||13:13|34;50;125;159;233;264;289;325;355;379;410;442;476;499;545;640;657;683;724;746;769;783;793
164|4|Course B1|Charlotte Watson|46527|463193_469_Charlotte Watson||13:20|41;66;99;127;149;183;203;288;317;391;424;449;482;509;569;649;658;677;719;746;768;788;800
165|4|Course B1|Charlotte Ward|46888|128934_228_Charlotte Ward||13:25|39;95;142;169;192;218;237;330;361;429;459;483;513;542;590;675;685;701;734;755;777;794;805
166|4|Course B1|Louise Markstedt|47128|_10006_Louise Markstedt||13:52|33;92;119;147;171;206;225;310;349;419;453;479;514;541;577;690;700;719;754;779;807;820;832
167|3|Course B2|Rachel Emmerson|45568|124004_88_Rachel Emmerson||14:09|39;58;149;188;267;304;326;356;388;422;454;484;519;548;597;695;705;740;775;796;825;838;849
168|3|Course B2|Katherine Hall|46107|824843_444_Katherine Hall||14:15|37;58;143;171;249;286;313;342;378;412;448;480;514;542;594;697;706;725;767;794;822;843;855
169|3|Course B2|Rona Lindsay|46467|451393_98_Rona Lindsay||14:17|39;58;147;180;258;292;317;348;382;409;441;468;502;531;589;696;704;722;765;788;812;844;857
170|3|Course B2|Julie Emmerson|45747|124003_90_Julie Emmerson||14:23|42;66;162;188;277;313;340;375;410;435;473;503;539;568;611;711;722;743;783;806;834;852;863
171|4|Course B1|Kirstin Maxwell|47009|426913_262_Kirstin Maxwell||14:31|33;59;86;115;139;171;191;278;309;377;406;441;471;497;555;640;654;675;716;741;808;861;871
172|4|Course B1|Katrina Hemingway|45507|294094_450_Katrina Hemingway||14:35|40;73;105;144;169;208;230;327;364;442;479;507;544;577;623;722;734;751;791;815;848;863;875
173|3|Course B2|Cerys Jones|46829|166215_378_Cerys Jones||14:38|36;59;143;178;251;286;327;358;392;417;454;485;518;545;593;696;705;724;758;783;809;866;878
174|4|Course B1|Rhona McMillan|45388|463811_76_Rhona McMillan||14:46|38;66;97;130;156;188;210;304;335;416;455;485;524;555;614;723;736;755;792;815;845;874;886
175|3|Course B2|Jill Libby|6719|441911_362_Jill Libby||14:50|41;72;160;195;275;312;337;371;405;431;463;491;529;561;612;714;728;753;800;827;861;879;890
176|4|Course B1|Rosie Watson|46648|463194_467_Rosie Watson||14:50|40;63;91;122;148;181;202;297;353;426;459;490;523;547;603;720;729;744;784;807;833;878;890
177|3|Course B2|Ruth Ker|5697|218811_304_Ruth Ker||15:00|41;67;159;194;270;308;333;365;402;458;488;516;549;574;622;727;737;765;801;825;861;887;900
178|4|Course B1|Vicky Thornton|50187|323952_180_Vicky Thornton||15:12|39;64;95;130;168;207;227;324;357;438;477;508;546;576;625;754;765;785;827;850;882;899;912
179|4|Course B1|Megan Carter-Davies|46407|470474_798_Megan Carter-Davies||15:33|36;110;138;169;204;236;307;413;446;515;548;574;608;636;680;778;789;814;858;880;912;923;933
180|3|Course B2|Susan Harding|49379|393102_809_Susan Harding||15:36|35;61;164;194;281;335;359;393;433;460;493;521;553;585;643;758;778;800;839;872;909;925;936
181|4|Course B1|Hannah Bradley|45926|202443_144_Hannah Bradley||15:50|42;68;102;138;167;199;222;322;354;435;475;509;544;570;625;726;740;781;816;840;880;916;950
182|3|Course B2|Alice Bedwell|50338|193261_529_Alice Bedwell||15:54|37;59;144;175;259;301;324;362;401;431;470;498;534;565;661;771;782;814;861;890;922;942;954
183|3|Course B2|Mary Ross|5520|308211_578_Mary Ross||15:58|40;74;164;205;284;320;346;383;417;444;477;505;539;565;619;727;742;773;816;840;870;944;958
184|3|Course B2|Clare Howes|50639|451431_278_Clare Howes||15:59|40;57;150;186;269;306;331;363;401;427;461;491;531;564;624;762;773;795;838;872;904;947;959
185|4|Course B1|Ann Cranke|5727|110842_541_Ann Cranke||16:07|44;68;100;138;167;202;221;336;372;475;518;550;590;619;685;799;810;830;876;906;935;956;967
186|3|Course B2|Alice Rea|45867|469421_609_Alice Rea||16:46|48;79;189;233;313;351;384;420;458;491;519;564;601;630;682;795;806;834;876;903;934;973;1006
187|4|Course B1|Susan Skinner|6569|388081_459_Susan Skinner||16:46|39;66;104;142;171;206;232;336;372;465;510;545;585;619;677;818;831;854;909;940;974;992;1006
188|3|Course B2|Amy Brown|6117|436703_131_Amy Brown||16:47|41;63;180;220;314;351;380;418;459;495;527;560;603;641;697;825;841;869;910;940;975;995;1007
189|3|Course B2|Cerys Jones|47068|469951_431_Cerys Jones||16:48|53;77;168;211;295;333;361;399;434;466;514;544;584;616;677;799;815;839;905;930;971;994;1008
190|4|Course B1|Karen Maxwell|45627|426914_260_Karen Maxwell||16:50|41;76;111;149;180;218;241;368;402;493;529;558;596;628;685;792;810;831;877;901;930;998;1010
191|3|Course B2|Jane McCann|6599|454262_192_Jane McCann||16:57|41;67;174;214;313;356;384;425;467;501;540;571;612;643;704;837;853;878;925;952;983;1003;1017
192|4|Course B1|Judy Burge|5668|112082_513_Judy Burge||17:05|44;72;106;144;180;223;255;366;407;500;544;580;620;656;717;835;850;873;920;949;990;1011;1025
193|4|Course B1|Jackie Chapman|5548|435141_48_Jackie Chapman||17:40|48;79;114;151;183;220;256;363;404;509;551;583;623;652;715;838;852;881;939;983;1023;1046;1060
194|4|Course B1|Helena Crutchley|7767|136931_613_Helena Crutchley||17:48|43;83;119;158;187;227;251;391;433;529;574;607;650;682;748;863;878;910;957;983;1016;1055;1068
195|4|Course B1|Miranda Leaf|6448|455661_461_Miranda Leaf||18:00|38;75;107;141;169;205;232;347;390;538;578;613;656;693;748;874;887;923;988;1011;1057;1068;1080
196|3|Course B2|Kate Hampshire|5218|478191_65_Kate Hampshire||18:09|60;91;192;242;340;381;415;455;490;519;555;601;643;678;748;858;875;912;958;994;1049;1075;1089
197|3|Course B2|Chloe Potter|45207|363934_492_Chloe Potter||18:12|43;69;193;234;339;382;420;458;502;553;592;679;721;754;809;913;926;946;994;1032;1065;1078;1092
198|3|Course B2|Janet Evans|5760|262231_337_Janet Evans||18:12|44;71;190;236;326;367;396;437;472;502;545;575;614;645;713;821;841;865;936;974;1012;1080;1092
199|3|Course B2|Victoria Littlewood|46227|447303_748_Victoria Littlewood||18:20|41;82;196;235;333;375;405;445;492;521;565;601;644;677;733;853;866;916;972;1015;1047;1089;1100
200|3|Course B2|Heather Wornham|45447|466281_189_Heather Wornham||18:36|57;92;197;243;335;380;416;480;520;554;589;624;667;700;762;896;912;946;991;1017;1057;1104;1116
201|4|Course B1|Erin Weatherstone|6388|_10001_Erin Weatherstone||19:02|56;88;125;166;217;249;305;474;505;603;645;687;726;758;810;942;955;981;1047;1072;1118;1130;1142
202|4|Course B1|Fay Walsh|45269|470513_723_Fay Walsh||19:14|60;100;139;184;214;268;295;418;458;554;594;633;673;707;760;879;894;951;1079;1102;1128;1143;1154
203|4|Course B1|Janet Leake|49048|425362_564_Janet Leake||19:19|48;80;117;174;205;241;272;376;411;594;637;669;712;742;803;946;958;992;1044;1072;1134;1148;1159
204|4|Course B1|Amy Kimberley|46167|222354_729_Amy Kimberley||19:19|42;71;108;149;181;214;234;367;409;516;560;596;645;686;749;947;964;985;1041;1076;1111;1146;1159
205|4|Course B1|Helen Gardner|7409|355811_650_Helen Gardner||19:28|50;99;146;186;217;256;283;393;430;532;578;617;658;692;755;904;939;986;1056;1097;1133;1154;1168
206|4|Course B1|Claudia Hall|7470|119497_442_Claudia Hall||19:39|61;95;141;186;219;262;291;406;454;576;621;662;710;751;835;963;983;1012;1064;1094;1134;1164;1179
207|3|Course B2|Jill Emmerson|5638|124002_92_Jill Emmerson||19:45|46;70;191;239;354;408;440;489;539;580;622;659;704;740;811;964;978;1012;1069;1101;1143;1170;1185
208|3|Course B2|Kate Skinner|45087|388084_455_Kate Skinner||19:45|47;86;204;248;354;402;441;492;540;583;634;676;724;768;850;994;1011;1037;1095;1122;1153;1171;1185
209|3|Course B2|Sally Lindsay|6899|451392_100_Sally Lindsay||20:05|45;76;186;235;348;400;432;484;529;567;606;643;685;724;788;940;959;1022;1070;1098;1134;1190;1205
210|4|Course B1|Zoe Walsh|45028|470514_721_Zoe Walsh||20:24|53;91;127;176;213;248;277;393;437;540;595;700;740;779;884;1014;1034;1064;1115;1143;1186;1210;1224
211|3|Course B2|Gabriella Walsh|5397|470511_719_Gabriella Walsh||20:27|44;65;173;211;301;341;368;406;444;477;512;543;583;614;675;810;823;873;1067;1102;1190;1208;1227
212|4|Course B1|Jessica Beresford|45147|430014_737_Jessica Beresford||20:47|46;111;155;208;248;281;309;463;519;633;679;744;789;840;913;1065;1082;1102;1146;1180;1215;1235;1247
213|3|Course B2|Margaret Dalgleish|49077|434961_602_Margaret Dalgleish||21:24|56;83;195;234;332;376;412;458;505;538;585;623;668;702;776;930;1000;1068;1157;1185;1241;1272;1284
214|4|Course B1|Gwen Rea|5307|469411_611_Gwen Rea||21:35|44;79;118;174;207;244;300;411;483;599;644;683;728;767;841;1022;1038;1069;1165;1201;1254;1282;1295
215|4|Course B1|Margaret Mackenzie|50550|115813_174_Margaret Mackenzie||21:42|49;94;127;162;188;224;249;342;443;535;570;666;700;727;786;899;984;1003;1103;1237;1267;1288;1302
216|3|Course B2|Pam Brown|6299|436702_133_Pam Brown||22:02|50;145;263;325;436;492;581;633;688;722;763;805;853;896;961;1125;1145;1175;1227;1256;1288;1307;1322
217|4|Course B1|Kate Bryant|6508|153802_759_Kate Bryant||22:09|61;123;164;205;237;280;330;460;501;614;665;698;742;785;849;978;1005;1050;1102;1134;1177;1315;1329
218|4|Course B1|Debbie Watson|5608|463192_471_Debbie Watson||22:22|37;59;177;248;282;317;347;480;531;624;667;701;741;772;833;987;1064;1084;1213;1262;1313;1331;1342
219|4|Course B1|Charlotte Webster|5248|475984_745_Charlotte Webster||22:43|44;126;180;257;291;329;444;602;650;758;807;870;920;956;1018;1151;1166;1190;1241;1280;1325;1349;1363
220|4|Course B1|Linda Kelly|48568|449501_396_Linda Kelly||22:55|63;106;161;216;255;305;337;478;564;687;746;787;843;890;976;1144;1162;1185;1238;1277;1321;1357;1375
221|3|Course B2|Anne Lakey|6239|440402_293_Anne Lakey||23:12|70;131;249;356;474;539;599;647;699;735;784;833;873;912;976;1199;1220;1244;1288;1318;1357;1379;1392
222|4|Course B1|Pauline Olivant|5488|176532_778_Pauline Olivant||23:29|58;93;143;199;241;289;327;499;545;677;745;788;850;901;971;1152;1169;1200;1277;1313;1359;1390;1409
223|3|Course B2|Diana McClure|5999|204861_118_Diana McClure||23:31|59;89;218;261;371;427;460;508;571;605;652;690;736;771;840;1038;1109;1146;1241;1275;1364;1393;1411
224|4|Course B1|Debby Warren|6151|331952_551_Debby Warren||23:31|57;93;133;183;215;254;294;408;471;575;620;657;704;734;796;967;1065;1097;1194;1224;1256;1395;1411
225|3|Course B2|Caroline Potter|6418|363931_498_Caroline Potter||23:40|51;85;192;247;378;415;555;586;635;676;714;755;796;829;899;1030;1050;1071;1237;1261;1289;1406;1420
226|3|Course B2|Sheila Sprot|7920|276962_82_Sheila Sprot||24:33|59;137;253;324;444;493;579;624;671;706;752;799;865;899;963;1110;1150;1218;1324;1354;1424;1458;1473
227|4|Course B1|Alex Crosby|45807|456881_274_Alex Crosby||25:26|63;150;197;249;312;355;393;588;643;762;808;860;914;995;1084;1319;1335;1360;1435;1461;1493;1510;1526
228|3|Course B2|Ruth Rhodes|6778|275331_702_Ruth Rhodes||25:42|57;93;234;292;441;501;541;595;665;712;763;808;855;897;1033;1215;1232;1267;1357;1402;1450;1526;1542
229|3|Course B2|Judith Goodair|5577|130402_774_Judith Goodair||26:31|66;121;276;326;458;531;571;631;691;757;805;870;922;970;1053;1246;1264;1313;1405;1452;1489;1575;1591
230|4|Course B1|Irene Crawshaw|6629|130472_220_Irene Crawshaw||26:44|76;181;240;299;337;385;428;569;637;817;866;905;959;1022;1103;1278;1295;1346;1422;1489;1551;1586;1604
231|3|Course B2|Pauline Wilson|5279|127112_638_Pauline Wilson||27:03|83;157;304;358;488;547;613;676;752;794;839;896;957;1001;1148;1327;1345;1391;1471;1511;1572;1602;1623
232|4|Course B1|Louise Sylva|6928|178252_57_Louise Sylva||27:12|72;114;153;193;225;262;382;515;565;662;711;887;929;971;1066;1202;1307;1343;1408;1439;1494;1617;1632
233|4|Course B1|Tara Berger|6028|446517_792_Tara Berger||30:14|48;91;132;177;213;248;274;1003;1071;1170;1216;1254;1300;1327;1408;1551;1575;1600;1653;1682;1717;1798;1814
234|3|Course B2|Eileen Bedwell|7019|191122_297_Eileen Bedwell||31:01|83;129;289;361;500;563;620;682;753;805;857;924;981;1040;1148;1456;1490;1566;1660;1720;1779;1843;1861
235|3|Course B2|Margaret Buckley|6477|120612_16_Margaret Buckley||31:04|67;103;283;342;493;561;603;668;732;786;836;883;944;996;1079;1294;1313;1433;1495;1530;1577;1846;1864
236|3|Course B2|Ursula Oxburgh|7379|293842_704_Ursula Oxburgh||33:36|77;107;295;372;593;674;726;793;864;916;976;1032;1096;1153;1267;1610;1632;1767;1849;1903;1959;1997;2016
237|4|Course B1|Alexandra Hare|6270|_804_Alexandra Hare||33:54|158;210;256;323;361;399;472;713;921;1080;1142;1209;1252;1308;1409;1608;1644;1701;1785;1815;1889;2021;2034
238|4|Course B1|Mary Rack|6269|_803_Mary Rack||33:58|158;206;259;323;364;402;471;716;920;1083;1140;1207;1255;1311;1413;1611;1650;1700;1784;1818;1888;2023;2038
239|4|Course B1|Sarah Pedley|5427|291874_501_Sarah Pedley||35:16|101;350;433;495;578;641;675;933;975;1136;1193;1275;1335;1407;1513;1774;1799;1864;1936;1981;2039;2104;2116
240|4|Course B1|Helen Pedley|5461|291872_505_Helen Pedley||35:17|69;319;403;467;547;610;643;801;947;1103;1161;1242;1306;1375;1483;1737;1764;1832;1904;1950;2007;2099;2117
241|4|Course B1|Tara Bergin|5912|793657_607_Tara Bergin||35:45|98;239;335;458;510;582;649;888;984;1169;1254;1313;1385;1445;1561;1822;1842;1874;1959;2006;2063;2115;2145
242|4|Course B1|Aoife Lakey|6209|440405_287_Aoife Lakey||39:28|62;136;184;237;380;421;469;647;753;921;976;1045;1106;1178;1246;1554;1589;1745;1831;1885;1956;2356;2368
243|3|Course B2|Norma Atherton|6057|204302_203_Norma Atherton||41:56|100;144;382;468;778;857;914;985;1057;1112;1186;1260;1339;1395;1544;1804;2142;2186;2277;2345;2445;2482;2516
244|4|Course B1|Jeneba Wright|7229|478193_61_Jeneba Wright||42:52|93;227;293;398;548;610;723;932;1027;1180;1245;1356;1446;1493;1608;1933;2112;2169;2277;2384;2484;2549;2572
245|3|Course B2|Maya Wright|7259|478194_59_Maya Wright||52:36|146;234;621;699;1042;1132;1430;1600;1741;1982;2032;2140;2219;2287;2434;2747;2785;2840;2957;3032;3108;3139;3156
246|4|Course B1|Laura Jones|46768|469961_429_Laura Jones||DNF (14:34)|41;79;108;140;166;201;219;310;338;414;450;480;516;542;595;702;713;730;769;
247|4|Course B1|Stella Lewsley|5969|107272_283_Stella Lewsley||DNF (18:20)|52;82;119;158;189;230;255;350;386;480;523;554;593;626;679;812;907;957;1011;
248|4|Course B1|Ethan Tebbutt|5791|336754_351_Ethan Tebbutt||DNF (23:36)|62;138;192;245;290;329;384;564;641;766;811;854;895;933;1016;1194;1212;
249|4|Course B1|Julie Cleary|50907|237612_592_Julie Cleary||DNF (23:14)|60;437;
250|4|Course B1|Heather Fellbaum|6327|443251_170_Heather Fellbaum||DNF (13:57)|40;66;98;134;160;191;210;302;336;416;450;478;511;544;587;680;692;713;754;783;814;
251|3|Course B2|Julie Webster|5336|475982_520_Julie Webster||DNF (18:23)|58;88;210;254;353;400;433;471;511;545;587;620;665;702;756;883;896;
252|3|Course B2|Eileen Maxwell|49018|426912_264_Eileen Maxwell||DNF (18:50)|45;93;202;255;344;382;410;453;493;529;562;619;656;719;796;936;954;
253|3|Course B2|Sarah Howes|50279|277422_280_Sarah Howes||DNF (15:49)|42;64;170;203;290;326;352;386;423;449;485;514;553;580;647;748;758;
254|4|Course B1|Karen Nash|49290|393091_241_Karen Nash||DNF (14:17)|34;55;87;116;140;170;197;282;330;405;443;468;502;531;575;681;694;
255|3|Course B2|Cari Littler|49137|461663_784_Cari Littler||DNF (16:52)|37;54;157;195;292;331;363;401;451;482;519;554;602;666;727;851;864;
256|4|Course B1|Margaret Thompson|7048|144522_682_Margaret Thompson||DNF (39:15)|120;170;226;295;354;456;533;693;768;922;1014;1089;1155;1202;1333;1891;1959;
257|4|Course B1|Angie Hinshelwood|7889|417812_790_Angie Hinshelwood||DNF (27:36)|73;183;222;278;313;378;476;594;634;720;762;915;961;992;1065;1430;1481;
50038|2|| GPS John Britton|50397|||||252;-1589,0N255;-1592,0N259;-1595,0N281;-1594,0N319;-1611,0N349;-1628,0N379;-1642,0N421;-1642,0N465;-1632,0N512;-1616,0N551;-1603,0N585;-1596,0N633;-1605,0N682;-1613,0N735;-1619,0N747;-1617,0N757;-1596,0N750;-1545,0N733;-1492,0N729;-1446,0N738;-1424,0N726;-1404,0N720;-1369,0N713;-1351,0N715;-1339,0N713;-1322,0N708;-1288,0N698;-1249,0N711;-1201,0N692;-1164,0N688;-1148,0N685;-1105,0N682;-1062,0N674;-1007,0N669;-976,0N666;-964,0N664;-943,0N653;-911,0N648;-877,0N629;-874,0N602;-882,0N564;-861,0N541;-815,0N494;-781,0N485;-746,0N478;-756,0N441;-773,0N404;-804,0N357;-836,0N325;-873,0N313;-895,0N334;-928,0N365;-969,0N391;-1008,0N390;-1055,0N385;-1097,0N375;-1135,0N363;-1177,0N352;-1224,0N357;-1272,0N361;-1310,0N366;-1361,0N360;-1395,0N354;-1438,0N355;-1480,0N365;-1502,0N370;-1523,0N399;-1536,0N442;-1554,0N479;-1567,0N525;-1583,0N565;-1584,0N616;-1587,0N669;-1602,0N716;-1613,0N751;-1614,0N762;-1601,0N781;-1566,0N795;-1526,0N809;-1486,0N823;-1459,0N851;-1450,0N858;-1441,0N886;-1436,0N927;-1439,0N982;-1431,0N1029;-1401,0N1077;-1379,0N1116;-1356,0N1147;-1342,0N1191;-1329,0N1244;-1306,0N1301;-1286,0N1335;-1256,0N1374;-1235,0N1381;-1183,0N1390;-1133,0N1393;-1081,0N1403;-1037,0N1416;-1002,0N1425;-959,0N1415;-912,0N1385;-871,0N1345;-845,0N1360;-838,0N1401;-819,0N1401;-781,0N1365;-752,0N1327;-721,0N1292;-690,0N1253;-668,0N1228;-670,0N1228;-656,0N1213;-621,0N1185;-583,0N1153;-536,0N1131;-492,0N1102;-460,0N1085;-445,0N1077;-448,0N1059;-458,0N1033;-474,0N1010;-509,0N1010;-549,0N1023;-588,0N1018;-628,0N992;-651,0N974;-672,0N952;-707,0N951;-735,0N938;-746,0N949;-750,0N973;-763,0N1013;-767,0N1074;-788,0N1134;-798,0N1195;-816,0N1250;-832,0N1307;-842,0N1351;-857,0N1383;-874,0N1413;-901,0N1423;-939,0N1415;-985,0N1411;-1023,0N1404;-1059,0N1402;-1096,0N1403;-1140,0N1399;-1186,0N1372;-1226,0N1334;-1246,0N1301;-1281,0N1265;-1309,0N1217;-1323,0N1182;-1334,0N1165;-1342,0N1135;-1355,0N1101;-1368,0N1067;-1385,0N1028;-1403,0N985;-1424,0N951;-1448,0N928;-1475,0N904;-1503,0N871;-1535,0N839;-1558,0N810;-1581,0N777;-1607,0N761;-1627,0N747;-1673,0N727;-1723,0N719;-1772,0N720;-1801,0N720;-1830,0N695;-1876,0N692;-1920,0N672;-1967,0N648;-2003,0N623;-2012,0N632;-2016,0N628;-2016,0N601;-2020,0N580;-2015,0N582;-2032,0N603;-2034,0N616;-2010,0N637;-1979,0N686;-1950,0N743;-1924,0N767;-1888,0N785;-1860,0N817;-1845,0N865;-1835,0N918;-1831,0N971;-1834,0N1005;-1846,0N1021;-1844,0N1011;-1819,0N1006;-1783,0N1032;-1737,0N1058;-1690,0N1084;-1641,0N1114;-1598,0N1149;-1560,0N1171;-1518,0N1202;-1486,0N1236;-1451,0N1272;-1407,0N1289;-1354,0N1302;-1307,0N1320;-1272,0N1358;-1237,0N1385;-1217,0N1411;-1206,0N1439;-1210,0N1470;-1229,0N1521;-1265,0N1563;-1284,0N1588;-1306,0N1610;-1335,0N1648;-1343,0N1682;-1358,0N1689;-1367,0N1695;-1381,0N1697;-1401,0N1696;-1417,0N1715;-1428,0N1743;-1430,0N1755;-1421,0N1761;-1403,0N1749;-1401,0N1740;-1413,0N1744;-1410,0N1753;-1398,0N1765;-1400,0N1743;-1426,0N1736;-1448,0N1732;-1466,0N1787;-1454,0N1836;-1444,0N1864;-1446,0N1884;-1473,0N1905;-1502,0N1927;-1530,0N1947;-1553,0N1959;-1554,0N1964;-1554,0N1950;-1541,0N1915;-1514,0N1887;-1467,0N1851;-1433,0N1809;-1430,0N1775;-1461,0N1744;-1493,0N1702;-1520,0N1660;-1552,0N1624;-1587,0N1618;-1611,0N1623;-1646,0N1603;-1666,0N1581;-1670,0N1564;-1657,0N1537;-1627,0N1506;-1596,0N1469;-1566,0N1429;-1550,0N1402;-1577,0N1381;-1605,0N1366;-1640,0N1350;-1668,0N1325;-1689,0N1307;-1723,0N1326;-1757,0N1341;-1809,0N1367;-1836,0N1390;-1867,0N1409;-1905,0N1425;-1938,0N1405;-1966,0N1369;-1956,0N1344;-1947,0N1348;-1954,0N1355;-1943,0N1354;-1943,0N1351;-1943,0N1349;-1943,0N1347;-1942,0N1345;-1942,0N1342;-1942,0N1340;-1942,0N1338;-1941,0N1336;-1941,0N1334;-1941,0N1331;-1941,0N1308;-1952,0N1270;-1969,0N1234;-1988,0N1202;-2006,0N1164;-2023,0N1129;-2042,0N1094;-2061,0N1056;-2078,0N1021;-2098,0N986;-2117,0N951;-2136,0N947;-2159,0N946;-2181,0N944;-2203,0N940;-2225,0N939;-2248,0N948;-2280,0N963;-2317,0N980;-2353,0N996;-2389,0N1011;-2426,0N1028;-2462,0N1045;-2498,0N1061;-2534,0N1069;-2473,0N1126;-2591,0N1155;-2621,0N1165;-2657,0N1179;-2685,0N1180;-2714,0N1183;-2732,0N1162;-2733,0N1143;-2721,0N1150;-2730,0N1187;-2758,0N1246;-2799,0N1315;-2802,0N1325;-2807,0N1328;-2809,0N1357;-2813,0N1372;-2811,0N
50074|1|| GPS Crawford Lindsay|7709|||||251;-1589,0N251;-1598,0N267;-1595,0N289;-1597,0N337;-1616,0N376;-1634,0N414;-1640,0N455;-1625,0N501;-1609,0N537;-1585,0N574;-1571,0N616;-1569,0N667;-1575,0N723;-1583,0N769;-1589,0N798;-1582,0N819;-1568,0N854;-1541,0N890;-1514,0N909;-1488,0N932;-1461,0N904;-1432,0N903;-1417,0N906;-1405,0N912;-1392,0N918;-1358,0N918;-1331,0N904;-1314,0N887;-1311,0N850;-1324,0N806;-1322,0N761;-1301,0N731;-1266,0N716;-1234,0N711;-1196,0N705;-1154,0N706;-1112,0N723;-1070,0N744;-1027,0N765;-988,0N792;-957,0N833;-929,0N874;-897,0N915;-869,0N951;-837,0N992;-812,0N1039;-793,0N1089;-784,0N1133;-790,0N1178;-805,0N1227;-822,0N1276;-828,0N1321;-834,0N1370;-840,0N1397;-834,0N1402;-823,0N1395;-801,0N1381;-777,0N1364;-761,0N1344;-740,0N1324;-719,0N1295;-693,0N1262;-670,0N1236;-668,0N1232;-668,0N1224;-653,0N1219;-631,0N1192;-592,0N1169;-562,0N1142;-528,0N1116;-495,0N1093;-461,0N1086;-442,0N1049;-452,0N1025;-483,0N1011;-523,0N1016;-564,0N1017;-609,0N993;-647,0N966;-687,0N951;-720,0N937;-737,0N944;-746,0N964;-757,0N1006;-766,0N1050;-771,0N1095;-776,0N1140;-784,0N1185;-800,0N1229;-811,0N1279;-820,0N1322;-834,0N1363;-851,0N1394;-881,0N1425;-919,0N1425;-961,0N1421;-1003,0N1421;-1045,0N1417;-1087,0N1412;-1128,0N1402;-1163,0N1390;-1200,0N1366;-1229,0N1339;-1258,0N1308;-1287,0N1271;-1308,0N1233;-1326,0N1222;-1333,0N1203;-1345,0N1182;-1364,0N1146;-1377,0N1117;-1393,0N1082;-1405,0N1038;-1421,0N999;-1441,0N961;-1465,0N921;-1485,0N887;-1508,0N843;-1524,0N809;-1539,0N787;-1539,0N774;-1524,0N765;-1496,0N733;-1472,0N710;-1451,0N710;-1424,0N731;-1390,0N747;-1361,0N733;-1336,0N725;-1319,0N711;-1318,0N716;-1315,0N721;-1301,0N713;-1288,0N713;-1266,0N706;-1239,0N704;-1205,0N700;-1166,0N684;-1134,0N672;-1095,0N669;-1060,0N671;-1030,0N669;-992,0N669;-982,0N661;-964,0N653;-944,0N647;-913,0N633;-895,0N612;-882,0N596;-880,0N542;-845,0N507;-807,0N485;-766,0N486;-749,0N486;-752,0N498;-762,0N482;-776,0N452;-796,0N414;-820,0N391;-851,0N376;-885,0N382;-928,0N391;-977,0N385;-1001,0N387;-1029,0N391;-1077,0N393;-1116,0N388;-1156,0N378;-1192,0N378;-1232,0N379;-1271,0N379;-1323,0N379;-1370,0N374;-1409,0N358;-1445,0N353;-1476,0N360;-1489,0N367;-1501,0N399;-1514,0N451;-1536,0N484;-1549,0N520;-1566,0N551;-1563,0N577;-1566,0N617;-1570,0N662;-1581,0N711;-1590,0N739;-1596,0N763;-1608,0N761;-1634,0N753;-1674,0N746;-1716,0N744;-1760,0N742;-1803,0N742;-1847,0N729;-1891,0N710;-1935,0N697;-1979,0N673;-2024,0N635;-2034,0N596;-2035,0N578;-2028,0N579;-2036,0N584;-2038,0N599;-2029,0N635;-2022,0N664;-1995,0N698;-1971,0N727;-1944,0N751;-1915,0N782;-1881,0N818;-1867,0N866;-1854,0N923;-1840,0N964;-1834,0N999;-1839,0N1013;-1848,0N1014;-1846,0N987;-1813,0N993;-1768,0N1004;-1733,0N1030;-1703,0N1061;-1672,0N1106;-1640,0N1146;-1605,0N1186;-1571,0N1222;-1536,0N1253;-1501,0N1289;-1473,0N1333;-1442,0N1373;-1403,0N1399;-1369,0N1430;-1330,0N1449;-1288,0N1456;-1248,0N1443;-1218,0N1447;-1217,0N1458;-1231,0N1477;-1248,0N1513;-1264,0N1552;-1285,0N1582;-1316,0N1582;-1348,0N1586;-1385,0N1591;-1412,0N1617;-1442,0N1658;-1456,0N1688;-1445,0N1703;-1428,0N1699;-1424,0N1680;-1408,0N1682;-1392,0N1694;-1391,0N1702;-1392,0N1693;-1403,0N1675;-1410,0N1702;-1431,0N1730;-1433,0N1753;-1421,0N1760;-1402,0N1743;-1403,0N1741;-1408,0N1752;-1398,0N1763;-1410,0N1749;-1424,0N1735;-1434,0N1719;-1438,0N1700;-1448,0N1704;-1458,0N1745;-1462,0N1783;-1449,0N1826;-1436,0N1856;-1439,0N1877;-1472,0N1900;-1498,0N1921;-1523,0N1943;-1546,0N1947;-1550,0N1955;-1554,0N1950;-1543,0N1946;-1534,0N1930;-1512,0N1912;-1485,0N1879;-1455,0N1850;-1429,0N1810;-1435,0N1772;-1453,0N1728;-1467,0N1690;-1481,0N1637;-1482,0N1596;-1472,0N1560;-1449,0N1523;-1439,0N1467;-1447,0N1414;-1454,0N1376;-1461,0N1337;-1472,0N1321;-1502,0N1306;-1540,0N1300;-1567,0N1293;-1601,0N1291;-1632,0N1291;-1662,0N1301;-1695,0N1319;-1737,0N1343;-1772,0N1362;-1805,0N1384;-1848,0N1411;-1871,0N1432;-1899,0N1426;-1926,0N1400;-1952,0N1371;-1944,0N1364;-1940,0N1362;-1944,0N1355;-1958,0N1353;-1973,0N1345;-1991,0N1343;-2005,0N1340;-2019,0N1333;-2038,0N1330;-2052,0N1324;-2066,0N1320;-2085,0N1317;-2099,0N1310;-2112,0N1308;-2131,0N1301;-2145,0N1298;-2159,0N1295;-2177,0N1288;-2192,0N1285;-2206,0N1278;-2225,0N1276;-2239,0N1272;-2253,0N1266;-2272,0N1263;-2286,0N1256;-2302,0N1253;-2317,0N1250;-2332,0N1243;-2349,0N1241;-2364,0N1233;-2379,0N1231;-2396,0N1228;-2411,0N1221;-2426,0N1218;-2443,0N1212;-2458,0N1208;-2472,0N1206;-2489,0N1199;-2504,0N1196;-2519,0N1189;-2536,0N1186;-2552,0N1183;-2566,0N1177;-2583,0N1173;-2599,0N1170;-2616,0N1175;-2634,0N1169;-2677,0N1176;-2715,0N1185;-2742,0N1208;-2759,0N1209;-2768,0N1209;-2775,0N1209;-2771,0N1205;-2762,0N1196;-2744,0N1184;-2727,0N1187;-2728,0N1192;-2738,0N1200;-2745,0N1200;-2745,0N1212;-2756,0N1251;-2777,0N1338;-2801,0N1381;-2825,0N
