2|1|Blue Men|Steve Keyes|41650|__Steve Keyes||45:02|71;128;192;711;783;992;1039;1124;1182;1460;1556;1832;1970;2120;2196;2341;2485;2590;2644;2674;2702
3|1|Blue Men|Charles Bromley Gardner|45600|__Charles Bromley Gardner||51:08|72;133;196;794;879;1107;1157;1268;1379;1694;1815;2109;2291;2454;2518;2682;2836;2941;2997;3037;3068
4|1|Blue Men|Ian Ditchfield|44641|__Ian Ditchfield||51:26|93;155;230;833;911;1151;1199;1296;1359;1670;1780;2081;2273;2431;2525;2670;2833;2951;3009;3055;3086
5|1|Blue Men|John Dowty|37741|__John Dowty||51:35|96;198;266;835;920;1159;1212;1320;1383;1672;1782;2101;2267;2426;2507;2687;2847;2964;3018;3060;3095
6|1|Blue Men|Andy Jones|46266|__Andy Jones||54:52|100;166;243;889;988;1227;1301;1400;1469;1793;1914;2213;2418;2572;2700;2862;3023;3155;3219;3256;3292
7|1|Blue Men|Charlie Turner|45301|__Charlie Turner||57:29|104;160;230;896;984;1226;1281;1405;1480;1846;1986;2315;2580;2761;2830;3008;3181;3310;3373;3410;3449
8|1|Blue Men|Alan Rosen|36839|__Alan Rosen||58:08|248;314;402;1078;1172;1429;1479;1579;1641;1970;2099;2414;2595;2768;2859;3014;3188;3323;3414;3458;3488
9|1|Blue Men|Paul Street|44044|__Paul Street||59:06|114;284;346;964;1052;1297;1351;1469;1536;1894;2016;2384;2560;2814;2934;3107;3255;3385;3459;3507;3546
10|1|Blue Men|Nick Green|42122|__Nick Green||59:16|90;148;257;1124;1213;1545;1600;1695;1766;2070;2210;2525;2699;2894;2970;3125;3304;3423;3485;3521;3556
11|1|Blue Men|Paul Fox|43444|__Paul Fox||59:35|92;207;281;945;1031;1345;1400;1523;1593;1957;2125;2512;2707;2896;2969;3134;3296;3428;3503;3538;3575
12|1|Blue Men|Nigel Bush|45362|__Nigel Bush||60:15|85;228;420;1037;1120;1363;1416;1591;1655;1986;2097;2420;2606;2849;2934;3121;3327;3462;3532;3578;3615
13|1|Blue Men|Jeremy Wilde|45060|__Jeremy Wilde||61:30|106;180;257;1090;1194;1463;1525;1642;1712;2048;2275;2583;2823;3006;3067;3244;3418;3550;3609;3648;3690
14|1|Blue Men|Neil Gostick|42307|__Neil Gostick||62:01|102;167;244;993;1093;1346;1408;1515;1591;1948;2105;2476;2676;2887;2988;3197;3399;3550;3627;3682;3721
15|1|Blue Men|Neil Humphries|38945|__Neil Humphries||62:15|105;177;256;1025;1160;1437;1495;1614;1689;2053;2181;2548;2737;2918;3001;3184;3390;3530;3660;3698;3735
16|1|Blue Men|Richard Bonnett|40619|__Richard Bonnett||62:35|141;208;281;910;1001;1259;1308;1683;1740;2156;2296;2664;2851;3035;3117;3286;3500;3626;3684;3718;3755
17|1|Blue Men|Dave Harper|41282|__Dave Harper||62:39|100;278;368;1008;1251;1542;1595;1700;1775;2099;2234;2605;2803;3015;3102;3290;3461;3594;3660;3721;3759
18|1|Blue Men|Martin Sellens|46629|__Martin Sellens||62:51|187;270;342;1017;1344;1596;1676;1786;1857;2185;2297;2637;2846;3023;3103;3282;3444;3584;3674;3734;3771
19|1|Blue Men|Paul Beckett|37562|__Paul Beckett||65:04|230;323;414;1099;1204;1499;1558;1708;1796;2136;2266;2676;2901;3097;3242;3461;3609;3741;3833;3868;3904
20|1|Blue Men|John Chappell|37269|__John Chappell||65:09|113;289;363;1059;1156;1421;1477;1604;1676;2138;2264;2618;2875;3079;3166;3352;3573;3727;3803;3869;3909
21|1|Blue Men|Graham Louth|40319|__Graham Louth||65:21|102;179;254;1309;1408;1682;1738;1856;1926;2321;2428;2771;2990;3190;3275;3444;3638;3767;3840;3885;3921
22|1|Blue Men|Don McKerrow|42783|__Don McKerrow||65:43|109;215;307;1044;1139;1434;1494;1630;1706;2117;2306;2741;2959;3179;3259;3441;3611;3754;3849;3900;3943
23|1|Blue Men|Chris Fry|40981|__Chris Fry||65:57|123;250;349;1169;1273;1581;1641;1770;1848;2262;2410;2790;2988;3176;3263;3463;3662;3802;3877;3922;3957
24|1|Blue Men|Michael Bickle|36969|__Michael Bickle||66:48|120;218;301;1015;1142;1479;1551;1689;1780;2211;2376;2830;3040;3215;3333;3508;3673;3809;3887;3929;4008
25|1|Blue Men|Simon Greenwood|41222|__Simon Greenwood||67:01|130;208;281;958;1050;1334;1392;1513;1585;1982;2142;2546;3080;3263;3339;3558;3731;3860;3928;3988;4021
26|1|Blue Men|Tim Pribul|37324|__Tim Pribul||67:11|147;250;340;1029;1156;1546;1604;1744;1839;2194;2322;2698;2895;3204;3292;3514;3715;3857;3946;3991;4031
27|1|Blue Men|Paul Mace|37022|__Paul Mace||67:24|184;263;344;1002;1103;1390;1457;1655;1719;2108;2276;2773;2981;3157;3271;3450;3651;3799;3915;3991;4044
28|1|Blue Men|Mark Feltham|40861|__Mark Feltham||67:54|113;192;276;1065;1183;1485;1550;1757;1837;2227;2376;2821;3051;3313;3388;3574;3749;3902;3973;4033;4074
29|1|Blue Men|N M Jones|38582|__N M Jones||67:59|264;381;462;1209;1319;1652;1711;1828;1928;2282;2420;2770;3021;3221;3323;3552;3750;3912;3979;4031;4079
30|1|Blue Men|Ray Weekes|42962|__Ray Weekes||68:39|112;205;290;1098;1207;1499;1564;1676;1805;2216;2384;2776;3070;3325;3404;3586;3799;3952;4030;4075;4119
31|1|Blue Men|Mick Smith|43023|__Mick Smith||68:48|158;273;366;1122;1221;1515;1573;1693;1771;2153;2306;2713;3018;3311;3436;3633;3830;3959;4039;4099;4128
32|1|Blue Men|Dave Lane|37145|__Dave Lane||70:09|128;245;333;1168;1279;1576;1641;1771;1901;2294;2445;2874;3101;3335;3422;3648;3878;4056;4120;4164;4209
33|1|Blue Men|Clive Tant|40141|__Clive Tant||70:34|138;220;587;1331;1468;1745;1798;1989;2063;2483;2612;2945;3173;3475;3574;3770;3955;4101;4160;4195;4234
34|1|Blue Men|Andrew Evans|38644|__Andrew Evans||71:02|236;326;410;1187;1287;1620;1683;1806;1898;2353;2490;2947;3169;3425;3529;3749;3945;4102;4178;4223;4262
35|1|Blue Men|Clive Wilkinson|39421|__Clive Wilkinson||71:41|114;206;310;1152;1265;1621;1689;1849;1937;2368;2527;2971;3180;3414;3518;3721;3941;4124;4212;4265;4301
36|1|Blue Men|Mike Elliott|44100|__Mike Elliott||71:49|116;190;282;1131;1250;1576;1650;1782;1857;2272;2432;2830;3089;3352;3435;3658;3894;4098;4184;4259;4309
37|1|Blue Men|Adam Leaf|36482|__Adam Leaf||72:38|127;238;334;1154;1255;1610;1748;1898;1973;2432;2594;2992;3217;3439;3533;3738;3964;4133;4211;4318;4358
38|1|Blue Men|Colin Webster|45483|__Colin Webster||72:48|111;276;364;1174;1273;1571;1643;1782;1869;2313;2471;2916;3183;3396;3495;3719;3974;4106;4224;4318;4368
39|1|Blue Men|Peter Woods|42844|__Peter Woods||72:53|215;325;421;1250;1343;1606;1671;1782;1893;2270;2555;3057;3283;3540;3618;3809;3989;4131;4219;4336;4373
40|1|Blue Men|Paul Langston|38522|__Paul Langston||72:55|128;228;542;1292;1398;1721;1790;1920;2044;2424;2593;3002;3273;3553;3664;3884;4070;4214;4295;4340;4375
41|1|Blue Men|Martin Lock|40564|__Martin Lock||72:56|151;270;344;1508;1712;2007;2069;2195;2270;2680;2832;3209;3407;3604;3690;3886;4082;4220;4297;4341;4376
42|1|Blue Men|Neil Brooks|38882|__Neil Brooks||73:03|130;445;517;1220;1333;1679;1728;1857;1929;2396;2528;2929;3240;3525;3602;3781;3998;4190;4285;4344;4383
43|1|Blue Men|Dave Birkett|36962|__Dave Birkett||73:27|187;315;412;1299;1439;1767;1837;1969;2063;2454;2608;3066;3276;3506;3607;3803;4009;4185;4278;4342;4407
44|1|Blue Men|Colin West|42664|__Colin West||73:28|123;265;354;1168;1321;1738;1795;1942;2030;2510;2700;3125;3367;3593;3681;3876;4086;4240;4324;4366;4408
45|1|Blue Men|Philip Harvey|37442|__Philip Harvey||73:28|222;303;423;1263;1365;1684;1751;1882;2033;2501;2687;3163;3379;3591;3670;3847;4052;4214;4291;4361;4408
46|1|Blue Men|Phil Beale|42901|__Phil Beale||74:30|109;231;319;1255;1370;1689;1750;1910;2023;2520;2679;3078;3306;3542;3653;3894;4111;4263;4385;4434;4470
47|1|Blue Men|Kevin Machin|39364|__Kevin Machin||74:38|116;192;443;1226;1337;1683;1740;1879;2040;2450;2597;3020;3383;3561;3654;3897;4120;4308;4377;4438;4478
48|1|Blue Men|Philip Brown|42723|__Philip Brown||75:09|147;250;348;1233;1354;1717;1789;1927;2016;2444;2627;3079;3301;3530;3630;3872;4136;4285;4387;4451;4509
49|1|Blue Men|Duncan Minty|37621|__Duncan Minty||75:41|132;245;357;1359;1466;1792;1872;2024;2117;2547;2714;3165;3474;3690;3793;3996;4232;4388;4459;4505;4541
50|1|Blue Men|Mike Bray|44161|__Mike Bray||75:48|99;171;254;1029;1145;1538;1592;1714;1790;2279;2471;3027;3381;3628;3768;3983;4225;4375;4446;4510;4548
51|1|Blue Men|Peter Duthrie|43266|__Peter Duthrie||76:04|180;312;420;1227;1349;1675;1740;1879;1977;2405;2561;3144;3392;3609;3703;3928;4173;4330;4463;4528;4564
52|1|Blue Men|Zbig Gebka|40082|__Zbig Gebka||76:24|122;209;313;1136;1256;1571;1634;1769;1850;2489;2644;3094;3380;3666;3765;3967;4176;4377;4456;4538;4584
53|1|Blue Men|Kevin Parkes|46081|__Kevin Parkes||76:39|111;215;313;1130;1283;1617;1679;1820;1991;2444;2702;3215;3449;3670;3819;4061;4258;4389;4480;4555;4599
54|1|Blue Men|Steve Robertson|38110|__Steve Robertson||77:11|305;393;485;1312;1404;1710;1787;2001;2089;2471;2737;3224;3569;3818;3913;4141;4331;4465;4533;4590;4631
55|1|Blue Men|Graham Batty|40264|__Graham Batty||77:58|150;233;318;1232;1355;1758;1849;1983;2084;2573;2755;3205;3461;3715;3829;4070;4311;4479;4575;4632;4678
56|1|Blue Men|Neil Harwood|38461|__Neil Harwood||78:46|130;353;446;1266;1375;1658;1729;1872;1950;2399;2552;2960;3433;3670;3783;4000;4263;4508;4614;4672;4726
57|1|Blue Men|Colin Swallow|36601|__Colin Swallow||79:10|474;569;872;1716;1821;2112;2179;2305;2432;2818;2952;3392;3622;3853;3955;4190;4398;4550;4635;4705;4750
58|1|Blue Men|Peter Martin|39185|__Peter Martin||79:12|155;249;503;1407;1525;1837;1901;2129;2202;2649;2799;3203;3490;3725;3935;4168;4387;4554;4639;4705;4752
59|1|Blue Men|Maire Convery|46868|__Maire Convery||79:36|147;246;349;1248;1388;1739;1949;2120;2203;2650;2812;3397;3636;3860;3968;4182;4423;4589;4671;4731;4776
60|1|Blue Men|Rory Percival|46512|__Rory Percival||79:49|111;395;491;1585;1680;1949;2027;2148;2230;2678;2832;3276;3599;3871;3964;4193;4427;4584;4684;4733;4789
61|1|Blue Men|Antony Schofield|37808|__Antony Schofield||80:48|123;204;311;1143;1267;1809;1874;2001;2075;2644;2807;3201;3514;3785;3909;4120;4407;4664;4759;4808;4848
62|1|Blue Men|Derek Jenner|38046|__Derek Jenner||81:29|127;239;450;1792;1895;2215;2276;2408;2488;2935;3099;3557;3799;4030;4136;4358;4550;4714;4810;4855;4889
63|1|Blue Men|Alan Wallis|40923|__Alan Wallis||81:48|169;350;462;1340;1485;1828;1915;2073;2167;2643;2822;3296;3647;3881;3985;4232;4485;4653;4801;4874;4908
64|1|Blue Men|Pete Cheetham|39841|__Pete Cheetham||82:28|142;278;370;1307;1421;1795;1860;2012;2105;2630;2893;3342;3668;3959;4096;4295;4559;4735;4846;4911;4948
65|1|Blue Men|Bruce Marshall|38220|__Bruce Marshall||83:27|139;236;345;1336;1487;1887;1964;2106;2197;2684;2892;3342;3605;3909;4020;4355;4592;4779;4891;4957;5007
66|1|Blue Men|Nigel Quinton|37203|__Nigel Quinton||84:22|174;482;565;1493;1610;1982;2058;2236;2439;2929;3139;3653;3907;4146;4232;4435;4693;4872;4964;5024;5062
67|1|Blue Men|Dave Tookey|36663|__Dave Tookey||84:48|116;476;591;1517;1680;2030;2109;2249;2356;2819;2997;3497;3742;4030;4129;4400;4678;4864;4980;5015;5088
68|1|Blue Men|David Sanderson|36360|__David Sanderson||86:27|131;250;391;1409;1566;1924;1979;2096;2198;2714;2873;3539;3820;4254;4344;4608;4793;4969;5050;5109;5187
69|1|Blue Men|Tim Mulcahy|40743|__Tim Mulcahy||87:55|442;508;699;1694;1800;2093;2149;2325;2433;2826;3010;3488;3784;4134;4247;4663;4868;5042;5161;5236;5275
70|1|Blue Men|Stephen Taylor|40681|__Stephen Taylor||88:03|246;380;472;1448;1537;1884;1946;2076;2159;2684;2923;3469;3833;4182;4318;4588;4866;5065;5163;5222;5283
71|1|Blue Men|Derry Kelleher|41763|__Derry Kelleher||88:07|158;471;621;1502;1645;1994;2047;2567;2984;3358;3512;3942;4159;4506;4578;4740;4982;5116;5205;5242;5287
72|1|Blue Men|Mike Bolton|36541|__Mike Bolton||88:35|132;236;337;1357;1493;1913;1993;2153;2255;2757;2966;3464;3737;4148;4268;4619;4902;5107;5216;5265;5315
73|1|Blue Men|Geoff Pye|38825|__Geoff Pye||89:15|185;367;463;1444;1563;1957;2065;2342;2440;2972;3147;3823;4086;4396;4506;4749;4962;5149;5239;5302;5355
74|1|Blue Men|Mike Bennett|39786|__Mike Bennett||91:01|131;724;806;2415;2499;2800;2865;2977;3056;3460;3601;3985;4487;4687;4778;4998;5177;5305;5370;5426;5461
75|1|Blue Men|Peter Heybrock|42003|__Peter Heybrock||91:10|154;378;625;1901;2018;2419;2482;2620;2726;3144;3486;3901;4132;4406;4485;4746;5115;5293;5376;5437;5470
76|1|Blue Men|Graham Bridgland|39301|__Graham Bridgland||91:58|193;291;421;1522;1701;2118;2198;2376;2468;2964;3146;3683;4160;4442;4551;4792;5089;5292;5384;5459;5518
77|1|Blue Men|Tony Wadeson|43501|__Tony Wadeson||93:11|142;242;325;1503;1600;1992;2060;2201;2304;3403;3561;4011;4302;4564;4642;4875;5119;5388;5480;5537;5591
78|1|Blue Men|Ian Brown|42545|__Ian Brown||95:28|153;253;550;1440;1560;1911;1988;2127;2207;2734;2920;3377;4292;4548;4662;4875;5149;5307;5408;5693;5728
79|1|Blue Men|Peter Allen|36425|__Peter Allen||96:10|193;308;438;1605;1727;2236;2310;2479;2603;3105;3266;3851;4281;4543;4677;5057;5354;5568;5666;5723;5770
80|1|Blue Men|Mick Hill|36180|__Mick Hill||96:24|126;240;448;1500;1650;2102;2189;2375;2480;3067;3287;3883;4196;4563;4682;5018;5333;5536;5667;5727;5784
81|1|Blue Men|Ian Lawson|39482|__Ian Lawson||96:29|191;326;462;1637;1750;2168;2238;2404;2490;3073;3269;3859;4352;4689;4775;5052;5366;5555;5704;5736;5789
82|1|Blue Men|Ken Everitt|41042|__Ken Everitt||100:53|161;290;388;1350;1499;2172;2257;2422;2548;3122;3295;3898;4220;4611;4705;5427;5700;5866;5954;6000;6053
83|1|Blue Men|Colin Jackson|42601|__Colin Jackson||101:43|194;476;590;1812;1940;2447;2542;2727;2865;3461;3712;4290;4607;4938;5123;5368;5645;5878;5988;6060;6103
84|1|Blue Men|Philip Craven|37385|__Philip Craven||102:01|382;478;639;1801;2473;2829;2887;3031;3137;3633;3788;4221;4453;4678;4796;5357;5602;5797;5892;6074;6121
85|1|Blue Men|George Engelhardt|36067|__George Engelhardt||102:13|142;275;405;1316;1475;2094;2169;2338;2648;3453;3610;4122;4634;4956;5051;5419;5679;5936;6035;6083;6133
86|1|Blue Men|Jim Bennie|42423|__Jim Bennie||102:22|252;348;531;1551;1698;2136;2229;2448;2554;3137;3340;4208;4502;4737;4860;5210;5426;5947;6028;6094;6142
87|1|Blue Men|Peter Heywood|37083|__Peter Heywood||103:40|158;321;432;1517;1666;2050;2122;2299;2410;2976;3407;4009;4610;5003;5101;5359;5649;5973;6098;6171;6220
88|1|Blue Men|Ray Curtis|44881|__Ray Curtis||107:04|163;1262;1369;2351;2480;2838;2898;3047;3146;3724;3930;4499;4828;5223;5387;5705;6020;6225;6324;6373;6424
89|1|Blue Men|Roger Muray|44224|__Roger Muray||107:44|157;306;536;1552;1857;2276;2457;2808;2928;3576;3889;4446;4973;5318;5506;5722;5969;6226;6336;6418;6464
90|1|Blue Men|Michael White|43382|__Michael White||108:16|302;490;638;1717;1874;2355;2475;2658;2776;3541;3772;4374;4823;5169;5323;5612;5943;6155;6340;6438;6496
91|1|Blue Men|Tim Light|39062|__Tim Light||117:37|468;797;929;2062;2191;2581;2656;2802;2902;3415;4364;5058;5374;5943;6085;6364;6680;6868;6964;7003;7057
92|1|Blue Men|Ashley Tilling|42062|__Ashley Tilling||124:25|148;231;314;3454;3589;4041;4106;4244;4349;5060;5226;5713;5912;6283;6394;6758;6956;7150;7231;7345;7465
93|1|Blue Men|David Cave-Ayland|43686|__David Cave-Ayland||124:29|345;444;1016;2254;2401;2790;2860;3004;3110;4508;4698;5323;5669;5978;6114;6526;6827;7111;7352;7421;7469
94|1|Blue Men|Paul Garton|44529|__Paul Garton||127:20|212;405;610;2159;2374;2968;3088;3358;3522;4398;4658;5456;5849;6153;6387;6844;7148;7378;7488;7582;7640
95|1|Blue Men|Jonathan Johns|45423|__Jonathan Johns||127:30|210;346;457;1826;1936;2280;2343;2487;2599;3099;3327;4932;5407;6178;6252;6485;7129;7285;7528;7620;7650
96|1|Blue Men|Dave Skinner|43864|__Dave Skinner||145:45|477;751;873;2942;3075;3540;3631;3827;3979;4668;4853;6309;6652;7129;7275;7613;7906;8516;8640;8702;8745
97|1|Blue Men|Rob Cookson|37861|__Rob Cookson||155:17|200;414;728;1752;2105;2708;2762;2890;3418;5522;6760;7304;7699;8270;8365;8663;8918;9083;9219;9276;9317
98|1|Blue Men|Andy Robinson|46802|__Andy Robinson||57:11|138;249;354;1217;1526;1912;2097;2569;2712;2972;3183;3268;3367;3431
99|1|Blue Men|Gareth Davis|38763|__Gareth Davis||68:32|223;311;444;1230;1346;1628;1691;1816;1885;2267;2399;2801;3186;3364;3485;3666;3836;3977;4076;4112
100|1|Blue Men|Jerry Purkis|36782|__Jerry Purkis||91:00|391;500;597;1402;1528;2106;2181;2322;2595;3053;3251;3814;4194;4466;4660;4859;5098;5267;5381;5460
101|1|Blue Men|Brian Pilling|38403|__Brian Pilling||95:38|115;235;424;1233;1346;2139;2359;2444;2872;3043;3516;4504;4847;4943;5160;5347;5510;5617;5695;5738
102|1|Blue Men|Paul Warwick-Munday|46147|__Paul Warwick-Munday||162:06|350;533;1477;2677;2889;3432;3566;3785;4468;7749;8051;8741;9726
103|2|Blue Women|Abi Weeds|37262|__Abi Weeds||60:09|135;244;450;1041;1128;1378;1437;1575;1711;2049;2154;2470;2672;2847;2932;3226;3319;3448;3523;3568;3609
104|2|Blue Women|Helen Gardner|45784|__Helen Gardner||60:20|84;148;256;969;1071;1376;1436;1594;1708;2093;2207;2522;2742;2907;2986;3273;3367;3488;3540;3581;3620
105|2|Blue Women|Helen Pearce|43021|__Helen Pearce||60:56|96;191;311;984;1081;1374;1440;1608;1749;2139;2236;2551;2741;2932;3010;3257;3355;3481;3556;3613;3656
106|2|Blue Women|Liz Day|40501|__Liz Day||62:19|94;166;285;1152;1245;1479;1535;1688;1800;2143;2362;2683;2896;3072;3154;3390;3480;3608;3659;3704;3739
107|2|Blue Women|Gillian Jubb|37202|__Gillian Jubb||62:46|204;308;515;1103;1192;1447;1500;1632;1773;2115;2225;2567;2821;2995;3083;3349;3450;3610;3673;3724;3766
108|2|Blue Women|Majsan Andresson|40202|__Majsan Andresson||64:42|82;306;416;1054;1129;1426;1505;1640;1739;2070;2158;2465;2639;3240;3307;3570;3648;3760;3807;3847;3882
109|2|Blue Women|Rachael Holmes|42240|__Rachael Holmes||65:22|110;189;344;1078;1175;1509;1561;1714;1833;2210;2328;2669;2921;3113;3187;3473;3575;3729;3793;3878;3922
110|2|Blue Women|Sheralee Bailey|46200|__Sheralee Bailey||67:47|110;193;323;1060;1153;1495;1555;1714;1994;2390;2503;2830;3044;3291;3377;3664;3771;3900;3966;4020;4067
111|2|Blue Women|Caroline Court|44581|__Caroline Court||69:34|148;235;355;1459;1574;1850;1937;2113;2244;2645;2759;3070;3295;3478;3548;3808;3907;4026;4084;4136;4174
112|2|Blue Women|Anja Stratford|36001|__Anja Stratford||69:50|119;226;352;1140;1252;1635;1687;1859;1996;2423;2526;2935;3141;3347;3432;3761;3873;4023;4097;4149;4190
113|2|Blue Women|Carys Morgan|39900|__Carys Morgan||72:32|126;208;347;1078;1207;1524;1732;1921;2029;2457;2568;2936;3140;3538;3604;3980;4079;4215;4266;4310;4352
114|2|Blue Women|Sian Challacombe|42481|__Sian Challacombe||73:26|182;292;431;1206;1309;1607;1674;1851;1995;2407;2532;2983;3202;3480;3559;3856;4091;4238;4302;4362;4406
115|2|Blue Women|Sarah Francis|46740|__Sarah Francis||73:42|102;180;324;1108;1260;1578;1642;1820;1957;2462;2568;2955;3168;3590;3698;4022;4132;4275;4342;4390;4422
116|2|Blue Women|Sadie Burrow|45541|__Sadie Burrow||78:04|110;427;550;1317;1427;1809;1872;2018;2153;2600;2878;3357;3591;3816;3898;4221;4345;4518;4598;4646;4684
117|2|Blue Women|Eleanor West|41343|__Eleanor West||83:15|124;231;386;1409;1531;1868;1940;2135;2349;2845;2973;3396;3695;3940;4041;4423;4607;4783;4872;4944;4995
118|2|Blue Women|Blanka Sengerova|46561|__Blanka Sengerova||83:24|103;269;406;1528;1629;1914;1979;2271;2413;2864;3047;3602;3807;4014;4246;4584;4690;4822;4899;4961;5004
119|2|Blue Women|Katie Sellens|45182|__Katie Sellens||84:13|152;390;541;1444;1588;1968;2033;2204;2421;2915;3037;3579;3840;4135;4231;4552;4662;4799;4966;5010;5053
120|2|Blue Women|Jenny Nicholls|37502|__Jenny Nicholls||88:00|366;482;653;1561;1680;2090;2173;2422;2626;3110;3263;3725;3987;4245;4342;4730;4858;5076;5167;5210;5280
121|2|Blue Women|Linda Pakuls|40021|__Linda Pakuls||88:17|148;284;472;1504;1637;2019;2090;2300;2499;2987;3128;3611;3967;4239;4379;4742;4923;5095;5180;5245;5297
122|2|Blue Women|Anita Kingdon|41823|__Anita Kingdon||89:17|152;632;813;1701;1909;2316;2397;2660;2876;3329;3432;3779;4027;4288;4380;4820;4932;5103;5217;5310;5357
123|2|Blue Women|Julia Crook|44522|__Julia Crook||90:05|114;210;377;1307;1437;1799;1875;2077;2371;2899;3017;3460;3777;4036;4224;4836;4998;5202;5286;5353;5405
124|2|Blue Women|Kay Fowler|43202|__Kay Fowler||90:18|279;458;629;1609;1749;2132;2192;2416;2593;3086;3252;3724;3965;4334;4505;4937;5062;5239;5311;5370;5418
125|2|Blue Women|Claire Harrison|45663|__Claire Harrison||91:23|142;259;396;1561;1693;2025;2093;2304;2458;2944;3136;3626;3885;4130;4229;4688;4990;5190;5299;5429;5483
126|2|Blue Women|Raffaella Marin|41523|__Raffaella Marin||95:02|136;244;405;1493;1639;2018;2099;2403;2556;3057;3194;3628;4023;4581;4685;5122;5302;5479;5565;5659;5702
127|2|Blue Women|Philippa Pribul|41110|__Philippa Pribul||96:09|121;245;399;1616;1785;2177;2266;2718;2951;3466;3647;4175;4479;4715;4837;5234;5416;5583;5663;5730;5769
128|2|Blue Women|Nicky King|38282|__Nicky King||97:08|113;204;471;1565;1710;2115;2197;2476;2677;3265;3456;4076;4382;4693;4835;5230;5370;5625;5712;5772;5828
129|2|Blue Women|Julie Lobley|44952|__Julie Lobley||108:20|202;476;655;2265;2418;2786;2849;3094;3314;3939;4162;4697;5013;5336;5445;5842;5976;6192;6304;6417;6500
130|2|Blue Women|Jenny Costigan|43326|__Jenny Costigan||109:05|147;263;397;1285;2027;2422;2522;2788;2998;4426;4569;5014;5344;5570;5688;6006;6133;6297;6372;6469;6545
131|2|Blue Women|Jenny Gebka|38703|__Jenny Gebka||110:53|276;376;548;1635;1771;2230;2325;2526;2772;3396;3623;4059;4369;4635;4755;6089;6240;6409;6536;6614;6653
132|2|Blue Women|Sandra Vogel|41583|__Sandra Vogel||111:39|165;310;548;1593;1765;2581;2669;2898;3114;3727;3957;4534;4843;5190;5293;5914;6137;6413;6584;6649;6699
133|2|Blue Women|Naomi Drewitt|37922|__Naomi Drewitt||111:50|171;339;561;1897;2030;2606;2693;3014;3226;3909;4113;4699;5087;5426;5602;6072;6227;6443;6590;6655;6710
134|2|Blue Women|Anita Ray|39542|__Anita Ray||128:03|193;389;605;2182;2335;2870;2969;3380;3704;4442;4612;5244;5726;6054;6213;6961;7247;7437;7542;7638;7683
135|2|Blue Women|Helen Bickle|37684|__Helen Bickle||128:27|179;946;1162;2597;2803;3403;3505;3791;4017;4685;4885;5654;5988;6559;6707;7115;7277;7473;7591;7652;7707
136|2|Blue Women|Camilla Darwin|41454|__Camilla Darwin||131:55|246;402;709;1932;2274;2819;2901;3236;3591;4528;4932;5567;6234;6621;6773;7279;7446;7705;7804;7863;7915
137|2|Blue Women|Louise Sylva|39124|__Louise Sylva||145:36|305;451;666;2522;2668;3448;3528;3838;4190;4886;5146;5892;6616;7208;7355;7942;8188;8437;8601;8688;8736
138|2|Blue Women|Helen Hampton|41941|__Helen Hampton||162:51|223;386;851;2196;2958;3860;3933;4290;4553;6075;6290;6948;7298;8062;8331;8993;9239;9484;9632;9705;9771
139|2|Blue Women|Emma Dahlstedt|39845|__Emma Dahlstedt||54:35|258;398;651;1624;1854;2083;2372;2540;3133;3275
140|2|Blue Women|Stephanie Gilmor|41463|__Stephanie Gilmor||67:41|221;395;674;2038;2539;3142;3337;3587;3840;3959;4061
141|2|Blue Women|Alison Crocker|39962|__Alison Crocker||80:16|130;561;703;1581;1666;1911;1967;3031;3651;3831;4019;4141;4506;4673;4783;4816
142|3|Brown|Linus Kaisajuntti|39720|__Linus Kaisajuntti||54:01|78;121;206;684;745;885;970;1211;1341;1404;1489;1936;2097;2220;2302;2536;2683;2738;2914;2978;3059;3148;3207;3241
143|3|Brown|David Rollins|38700|__David Rollins||61:18|112;176;264;781;847;1019;1111;1370;1523;1589;1691;2214;2390;2553;2646;2918;3054;3121;3326;3398;3493;3599;3648;3678
144|3|Brown|Ed Catmur|39000|__Ed Catmur||62:25|81;129;226;729;807;945;1039;1316;1461;1528;1627;2181;2360;2606;2690;2980;3118;3178;3381;3459;3567;3674;3711;3745
145|3|Brown|Chris Sellens|44889|__Chris Sellens||63:23|75;125;213;866;929;1059;1160;1420;1570;1639;1730;2337;2510;2664;2762;3033;3167;3235;3418;3501;3604;3731;3770;3803
146|3|Brown|Colin Dickson|41220|__Colin Dickson||65:56|98;163;268;849;934;1096;1197;1488;1661;1730;1830;2350;2533;2664;2771;3075;3220;3339;3577;3659;3757;3867;3924;3956
147|3|Brown|Tony Burton|41578|__Tony Burton||66:52|97;150;246;762;865;1045;1152;1450;1600;1668;1768;2428;2635;2829;2917;3195;3344;3407;3633;3714;3818;3936;3981;4012
148|3|Brown|Robert Frost|41761|__Robert Frost||68:01|99;153;255;809;894;1079;1181;1499;1675;1741;1842;2390;2591;2796;2889;3225;3391;3459;3687;3780;3880;4010;4047;4081
149|3|Brown|Paul Nixon|45840|__Paul Nixon||68:11|78;142;238;770;904;1054;1155;1472;1621;1687;1816;2470;2687;2916;3009;3295;3444;3510;3730;3802;3903;4005;4038;4091
150|3|Brown|Dil Wetherill|43870|__Dil Wetherill||68:23|92;148;245;795;874;1085;1184;1477;1641;1726;1825;2365;2632;2787;2880;3159;3380;3458;3687;3781;3898;4028;4073;4103
151|3|Brown|Simon Errington|35624|__Simon Errington||68:25|78;125;233;799;877;1038;1154;1486;1660;1745;1860;2443;2646;2802;2905;3204;3381;3465;3694;3785;3889;4019;4071;4105
152|3|Brown|David Abrams|36240|__David Abrams||68:53|79;134;224;771;843;1084;1187;1505;1672;1761;1887;2423;2613;2900;2994;3270;3433;3500;3762;3846;3949;4065;4105;4133
153|3|Brown|Matthias Mahr|38280|__Matthias Mahr||69:30|78;133;245;819;900;1067;1189;1529;1709;1798;1921;2538;2742;2897;3001;3307;3472;3537;3767;3853;3965;4089;4131;4170
154|3|Brown|Simon Evans|46261|__Simon Evans||70:42|82;131;235;865;947;1144;1260;1569;1736;1835;1940;2547;2756;2902;3002;3292;3492;3615;3843;3933;4046;4162;4207;4242
155|3|Brown|Rolf Crook|44520|__Rolf Crook||70:43|130;191;305;879;970;1145;1250;1544;1718;1814;1919;2509;2694;2878;2976;3272;3467;3550;3801;3929;4047;4163;4206;4243
156|3|Brown|Matthew Johansson|40200|__Matthew Johansson||70:46|95;147;245;717;782;999;1092;1405;1546;1621;1715;2183;2346;2579;3221;3506;3670;3735;3927;3993;4082;4179;4214;4246
157|3|Brown|Keith Masson|39601|__Keith Masson||70:53|128;181;291;838;909;1060;1157;1464;1631;1730;1833;2336;2523;2967;3061;3360;3512;3586;3819;3908;4017;4176;4220;4253
158|3|Brown|Simon Gardner|45781|__Simon Gardner||72:02|74;140;248;796;959;1117;1221;1536;1691;1763;1865;2720;2905;3061;3159;3459;3612;3684;3924;4023;4125;4247;4294;4322
159|3|Brown|Glen Richardson|42721|__Glen Richardson||72:09|103;159;258;898;975;1151;1274;1637;1814;1910;2011;2623;2876;3018;3114;3451;3644;3697;3942;4023;4135;4250;4294;4329
160|3|Brown|Per Forsberg|41883|__Per Forsberg||72:29|117;213;327;881;971;1214;1333;1634;1806;1883;2000;2549;2784;2981;3085;3374;3591;3674;3961;4054;4157;4279;4324;4349
161|3|Brown|Jeff Green|38581|__Jeff Green||72:41|113;175;337;879;958;1123;1231;1551;1721;1803;1904;2537;2727;2875;2974;3263;3553;3651;3878;3985;4122;4275;4324;4361
162|3|Brown|Anders Storbrolet|40680|__Anders Storbrolet||72:59|102;164;256;854;928;1127;1229;1562;1740;1804;1907;2525;2715;3032;3130;3414;3619;3773;3986;4067;4184;4295;4344;4379
163|3|Brown|Kostya Lutsenko|41102|__Kostya Lutsenko||73:20|98;152;267;879;990;1180;1295;1610;1782;1851;1963;2506;2794;2943;3097;3417;3596;3722;3962;4050;4161;4323;4360;4400
164|3|Brown|Michael Belshaw|43201|__Michael Belshaw||73:36|173;233;333;958;1038;1200;1303;1593;1744;1815;1917;2448;2631;3011;3103;3435;3591;3660;3927;4074;4184;4330;4382;4416
165|3|Brown|Andy Hodgson|39543|__Andy Hodgson||74:55|120;179;294;1025;1095;1264;1381;1742;1909;1990;2109;2701;2883;3156;3260;3666;3826;3897;4131;4209;4313;4428;4464;4495
166|3|Brown|Gavin Edwards|41644|__Gavin Edwards||75:46|80;136;247;853;938;1118;1238;1580;1763;1835;1949;2651;2889;3116;3222;3583;3760;3849;4090;4177;4302;4470;4510;4546
167|3|Brown|Ian Marsden|42301|__Ian Marsden||75:48|115;175;280;887;982;1154;1271;1635;1820;1937;2053;2671;2898;3092;3197;3522;3740;3816;4073;4176;4302;4452;4503;4548
168|3|Brown|Mike Jubb|44824|__Mike Jubb||76:23|130;195;302;881;959;1194;1298;1643;1811;1880;2021;2715;2929;3107;3365;3705;3852;3934;4179;4256;4361;4504;4548;4583
169|3|Brown|Jon Marsden|40024|__Jon Marsden||76:56|106;166;300;931;1022;1195;1330;1706;1894;1977;2106;2724;2937;3090;3221;3555;3760;3873;4176;4282;4401;4535;4581;4616
170|3|Brown|Keith Tonkin|41281|__Keith Tonkin||79:13|144;204;309;854;936;1323;1438;1740;1901;1975;2079;2705;2930;3376;3474;3847;4016;4093;4331;4429;4545;4668;4716;4753
171|3|Brown|Mark Adams|46679|__Mark Adams||79:36|97;160;274;913;996;1224;1348;1707;1895;1978;2105;2852;3084;3270;3391;3731;3974;4061;4325;4424;4549;4682;4734;4776
172|3|Brown|Steve McKinley|39661|__Steve McKinley||79:38|121;182;290;921;1003;1366;1521;1890;2076;2167;2281;2947;3176;3334;3444;3810;4004;4078;4351;4443;4557;4697;4739;4778
173|3|Brown|Pete Huzan|46809|__Pete Huzan||79:47|135;204;324;1024;1113;1305;1446;1787;1983;2063;2184;2855;3069;3381;3499;3823;4019;4103;4359;4447;4569;4698;4750;4787
174|3|Brown|Graham Parkes|36660|__Graham Parkes||79:59|104;170;281;874;954;1163;1287;1617;1795;1883;2004;2913;3230;3401;3555;3872;4035;4136;4400;4481;4584;4726;4765;4799
175|3|Brown|Michael Currie|46506|__Michael Currie||80:23|125;181;311;935;1014;1273;1395;1730;1916;2042;2161;2783;3020;3220;3327;3665;4018;4091;4324;4416;4561;4737;4785;4823
176|3|Brown|Steve Hinshelwood|46563|__Steve Hinshelwood||81:39|99;165;294;903;991;1251;1377;1726;1928;2042;2146;2820;3020;3303;3396;3817;4148;4225;4476;4564;4674;4817;4864;4899
177|3|Brown|Mark Vyvyan-Robinson|43323|__Mark Vyvyan-Robinson||82:14|109;173;281;991;1085;1312;1436;1802;2021;2106;2225;2906;3148;3336;3438;3784;4121;4194;4485;4588;4710;4840;4892;4934
178|3|Brown|John Van Rooyen|41521|__John Van Rooyen||82:47|112;191;308;1058;1143;1321;1450;1818;2028;2105;2224;2918;3163;3337;3456;3833;4025;4129;4460;4563;4699;4872;4925;4967
179|3|Brown|Mark Rowe|39071|__Mark Rowe||83:15|96;162;294;1007;1100;1341;1471;1894;2106;2188;2313;3153;3373;3525;3646;3993;4198;4272;4555;4655;4786;4908;4953;4995
180|3|Brown|Daniel Goldsworthy|43981|__Daniel Goldsworthy||83:18|160;242;365;1053;1143;1322;1437;1858;2035;2141;2260;2877;3126;3581;3691;4016;4193;4281;4551;4642;4764;4902;4965;4998
181|3|Brown|Neill Speers|38648|__Neill Speers||83:53|88;161;281;1101;1203;1404;1538;1976;2173;2271;2407;3103;3339;3519;3656;3994;4195;4283;4577;4666;4814;4943;4994;5033
182|3|Brown|Mark Glaisher|36780|__Mark Glaisher||84:03|134;202;348;986;1073;1236;1357;1753;1938;2037;2163;3027;3270;3477;3633;3990;4238;4324;4595;4691;4816;4957;5004;5043
183|3|Brown|Chris Cann|37568|__Chris Cann||84:18|159;227;355;1007;1103;1355;1506;1874;2090;2208;2344;3011;3227;3424;3550;3903;4096;4167;4484;4582;4709;4847;5026;5058
184|3|Brown|David Lobley|37381|__David Lobley||84:30|102;179;294;920;1005;1237;1360;1741;1923;2011;2129;2787;3046;3399;3505;4014;4267;4330;4673;4749;4866;4994;5034;5070
185|3|Brown|Mike Capper|36421|__Mike Capper||85:31|100;169;306;977;1065;1373;1504;1886;2084;2189;2323;3056;3311;3483;3620;3991;4212;4337;4646;4740;4872;5035;5091;5131
186|3|Brown|Tim Beale|42184|__Tim Beale||85:33|109;174;296;909;1071;1343;1453;1808;2191;2282;2396;3143;3407;3578;3712;4116;4306;4377;4682;4783;4906;5047;5105;5133
187|3|Brown|Stephen Granger-Bevan|39784|__Stephen Granger-Bevan||85:44|166;234;391;1184;1255;1459;1623;1933;2101;2231;2347;2973;3146;3407;3609;3991;4180;4295;4557;4721;4900;5075;5115;5144
188|3|Brown|Tim Bean|36120|__Tim Bean||85:57|100;173;304;1029;1116;1304;1452;1910;2108;2213;2337;2983;3215;3471;3765;4096;4319;4398;4690;4798;4920;5064;5113;5157
189|3|Brown|Tom Frost|37141|__Tom Frost||86:07|111;179;295;899;969;1252;1460;1782;2004;2098;2218;2863;3091;3418;3689;4036;4214;4313;4596;4759;4882;5083;5137;5167
190|3|Brown|Tim Day|46081|__Tim Day||86:47|167;224;347;1120;1230;1435;1570;1979;2179;2287;2430;3109;3351;3648;3757;4105;4309;4388;4693;4797;4940;5114;5169;5207
191|3|Brown|Richard Hime|39241|__Richard Hime||86:49|107;173;293;1204;1284;1478;1611;2050;2249;2331;2445;3088;3311;3740;3865;4246;4443;4515;4781;4868;4976;5127;5171;5209
192|3|Brown|John Ward|44460|__John Ward||87:38|152;239;340;931;1032;1275;1375;1686;1891;1990;2097;2820;3118;3769;3878;4202;4369;4474;4806;4905;5018;5162;5217;5258
193|3|Brown|Pete Nicholls|37501|__Pete Nicholls||87:53|108;177;290;1380;1468;1702;1812;2116;2291;2369;2491;3073;3270;3641;3752;4425;4595;4676;4887;4968;5072;5186;5227;5273
194|3|Brown| Kemp|37801|__ Kemp||89:19|114;189;626;1277;1367;1539;1671;2023;2216;2309;2442;3121;3347;3564;3719;4041;4472;4559;4838;4945;5080;5252;5309;5359
195|3|Brown|Neill Wates|42426|__Neill Wates||90:03|166;229;350;1034;1119;1363;1498;1936;2127;2219;2337;3135;3370;3719;3848;4243;4535;4614;4897;5018;5168;5311;5370;5403
196|3|Brown|Duncan Harrison|36966|__Duncan Harrison||94:19|134;208;337;1345;1422;1683;1806;2303;2609;2821;2959;3619;3844;4057;4168;4519;4735;4852;5102;5186;5320;5462;5624;5659
197|3|Brown|Antony Covy-Crump|43802|__Antony Covy-Crump||94:27|79;138;265;1001;1396;1783;1905;2288;2474;2571;2698;3438;3658;4284;4410;4734;4905;4977;5216;5306;5439;5568;5631;5667
198|3|Brown|Bert Park|38820|__Bert Park||94:35|97;157;389;1025;1127;1353;1494;1880;2081;2175;2317;3012;3415;3969;4085;4535;4728;4841;5187;5298;5430;5570;5636;5675
199|3|Brown|Mike Muggeridge|36183|__Mike Muggeridge||95:05|162;226;362;1179;1274;1485;1651;2120;2333;2452;2609;3416;3676;3907;4073;4452;4668;4812;5138;5248;5427;5607;5664;5705
200|3|Brown|Andrew Pitcher|37929|__Andrew Pitcher||95:47|117;179;301;1023;1320;1782;1901;2280;2479;2606;2732;3629;3978;4237;4378;4708;4909;5005;5293;5388;5530;5667;5715;5747
201|3|Brown|Gordon Parker|46620|__Gordon Parker||99:21|136;205;335;1233;1319;1535;1695;2121;2362;2451;2760;3575;3852;4119;4254;4709;4969;5058;5391;5538;5704;5870;5919;5961
202|3|Brown|Ross Maclagan|37861|__Ross Maclagan||99:55|128;206;521;1251;1337;1797;1932;2377;2580;2690;2823;3613;4010;4380;4521;4900;5081;5165;5517;5632;5763;5915;5961;5995
203|3|Brown|Mike Edwards|44041|__Mike Edwards||100:05|136;209;357;1146;1378;1671;1817;2222;2430;2534;2666;3632;3894;4190;4315;4743;4996;5096;5480;5607;5740;5901;5960;6005
204|3|Brown|Mark Collis|45240|__Mark Collis||100:16|134;199;341;1252;1362;1618;1781;2267;2508;2658;2802;3607;3958;4193;4319;4756;4980;5083;5434;5558;5708;5900;5963;6016
205|3|Brown|Matt Grant|38401|__Matt Grant||100:40|157;240;361;1430;1530;1751;1908;2290;2504;2597;2727;3423;3810;4389;4501;5056;5267;5360;5632;5713;5827;5954;6002;6040
206|3|Brown|Mark Cheesman|44341|__Mark Cheesman||102:53|221;303;438;1190;1297;1519;1655;2063;2276;2356;2484;3359;3599;4279;4414;4992;5206;5334;5608;5719;5868;6087;6129;6173
207|3|Brown|Simon Moss|41462|__Simon Moss||104:25|208;308;570;1369;1459;2029;2229;2627;2839;2967;3093;4029;4315;4538;4674;5135;5408;5539;5815;5910;6032;6178;6230;6265
208|3|Brown|Andrea Rebora|42062|__Andrea Rebora||104:38|171;244;386;1242;1345;1583;1732;2159;2393;2498;2651;3455;3760;3975;4236;4861;5195;5276;5660;5792;5929;6141;6231;6278
209|3|Brown|Andrew Elliot|38161|__Andrew Elliot||108:00|155;235;379;1137;1272;1533;1654;2117;2309;2428;2640;4087;4369;4623;4746;5200;5443;5567;5891;6067;6229;6402;6448;6480
210|3|Brown|Guy Lidbury|40090|__Guy Lidbury||108:41|164;241;397;1357;1444;1690;1842;2363;2624;2764;2890;3720;4004;4416;4576;5087;5549;5668;5992;6106;6232;6407;6474;6521
211|3|Brown|John Wilson|40505|__John Wilson||109:22|106;317;440;1348;1445;1716;1905;2374;2617;2731;2868;4059;4380;4764;4935;5355;5609;5700;6031;6154;6300;6471;6522;6562
212|3|Brown|Jody Specht|41158|__Jody Specht||110:59|115;232;344;1108;1337;1666;1833;2246;2612;2733;2873;3982;4314;4570;4699;5156;5406;5548;6072;6203;6366;6534;6617;6659
213|3|Brown|Sean Cronin|39902|__Sean Cronin||112:24|130;207;350;1131;1492;1751;1916;2357;2602;2765;2929;3838;4147;4859;5018;5441;5727;5861;6182;6303;6440;6626;6703;6744
214|3|Brown|John Duffield|38042|__John Duffield||118:19|137;230;367;1116;1471;1887;2025;2538;2775;2909;3046;4345;4786;5011;5169;5676;5916;6001;6315;6561;6742;6975;7045;7099
215|3|Brown|Tim Keogh|42126|__Tim Keogh||120:33|139;230;396;1344;1460;2169;2363;2892;3166;3294;3447;4350;4672;4977;5137;5763;6050;6182;6651;6788;6965;7126;7186;7233
216|3|Brown|Ben Holland|42841|__Ben Holland||125:59|198;285;505;1601;1746;2178;2335;2787;3017;3119;3268;4159;4477;5289;5450;6004;6452;6561;6941;7054;7212;7450;7531;7559
217|3|Brown|Nick Butcher|39361|__Nick Butcher||126:18|229;445;589;1402;1514;1772;1914;2291;2514;2915;3056;4070;4504;5270;5380;6170;6426;6581;6992;7187;7333;7471;7538;7578
218|3|Brown|Julian Greenslade|39126|__Julian Greenslade||130:24|253;325;459;1452;1544;1814;2051;2477;2788;2906;3356;4642;4949;5621;5909;6440;6670;6800;7217;7362;7513;7717;7783;7824
219|3|Brown|Michael Dostal|42780|__Michael Dostal||135:08|146;222;383;1499;1618;2129;2440;2981;3478;3570;3714;4874;5164;5963;6088;6522;6792;6955;7427;7578;7765;7991;8067;8108
220|3|Brown|David Dorling|43691|__David Dorling||142:55|202;305;635;1594;1711;1963;2132;2652;2899;3012;3665;4504;4812;5631;6199;6831;7308;7437;7822;7966;8126;8399;8521;8575
221|3|Brown|Graham Perry|41045|__Graham Perry||149:50|234;343;578;1689;1825;2266;2457;3051;3362;3472;3658;5012;5407;6382;6643;7303;7644;7772;8214;8399;8610;8842;8934;8990
222|3|Brown|James Morris|37742|__James Morris||169:52|130;254;430;1432;1693;2154;2335;3181;3464;3614;3806;6021;6445;7466;7661;8364;8691;8803;9489;9627;9839;10065;10153;10192
223|3|Brown|Tom Bray|44701|__Tom Bray||40:54|115;177;293;1174;1388;1681;2067;2149;2259;2379;2425;2454
224|3|Brown|Richard Townsend|41701|__Richard Townsend||98:02|158;236;398;1427;1585;1884;2058;2740;3009;3179;3570;4701;5214;5580;5882
225|3|Brown|Jacob Sharpe|43563|__Jacob Sharpe||112:07|141;239;380;1744;1862;2373;2499;2964;3195;3539;3712;4836;5189;6727
226|3|Brown|James Baldwinson|39963|__James Baldwinson||120:43|162;242;367;1388;1532;1811;2034;2516;2927;3050;3470;5096;5522;5876;6111;7243
227|3|Brown|David Heale|46321|__David Heale||122:37|164;273;419;1652;1840;2242;2447;3079;3364;3533;3708;4932;5402;6490;6789;6984;7242;7305;7357
228|4|Green Men|Mike Murray|43329|__Mike Murray||36:19|73;131;214;618;757;977;1049;1139;1303;1536;1651;1816;1929;2102;2147;2179
229|4|Green Men|Simon Ling|37802|__Simon Ling||46:18|83;177;280;811;1014;1268;1361;1481;1723;2023;2157;2372;2507;2683;2736;2778
230|4|Green Men|Paul Wallace-Stock|45961|__Paul Wallace-Stock||48:54|63;137;233;724;893;1138;1237;1342;1558;1850;2010;2296;2416;2849;2896;2934
231|4|Green Men|David May|36722|__David May||51:20|192;300;446;972;1142;1448;1558;1687;1968;2300;2462;2676;2807;2974;3030;3080
232|4|Green Men|Mike Perry|41826|__Mike Perry||51:26|64;130;247;809;1004;1394;1488;1610;1844;2187;2374;2560;2725;2959;3044;3086
233|4|Green Men|Ronan Cleary|46508|__Ronan Cleary||51:31|70;149;243;773;951;1233;1380;1546;1829;2218;2393;2621;2788;2981;3047;3091
234|4|Green Men|Tom Edelsten|38779|__Tom Edelsten||51:51|140;226;327;836;1039;1314;1403;1549;1799;2140;2440;2641;2785;3002;3067;3111
235|4|Green Men|Iain Cairns|41286|__Iain Cairns||52:38|72;184;284;884;1097;1427;1529;1676;1920;2280;2466;2685;2859;3037;3113;3158
236|4|Green Men|John Ward|45722|__John Ward||52:55|74;171;331;1014;1227;1462;1554;1671;1853;2198;2353;2533;2667;3078;3136;3175
237|4|Green Men|Graham Sutton|42128|__Graham Sutton||54:07|124;330;465;1049;1447;1747;1878;2000;2177;2480;2636;2818;2997;3150;3205;3247
238|4|Green Men|Geoff Wright|44222|__Geoff Wright||54:19|69;158;249;813;982;1263;1754;1878;2096;2398;2554;2760;2898;3162;3220;3259
239|4|Green Men|Geoff Newton|45364|__Geoff Newton||56:54|87;184;303;863;1060;1375;1917;2037;2240;2549;2717;2890;3161;3322;3374;3414
240|4|Green Men|Christopher Drew|44821|__Christopher Drew||58:27|103;345;453;1113;1331;1672;1779;1911;2226;2658;2822;3036;3199;3401;3465;3507
241|4|Green Men|Tim Pugh|40562|__Tim Pugh||58:28|102;182;295;912;1133;1432;1536;1672;2187;2629;2875;3099;3257;3420;3469;3508
242|4|Green Men|John Collyer|46621|__John Collyer||59:55|154;351;510;1143;1355;1665;1778;1966;2221;2593;2765;3075;3240;3475;3541;3595
243|4|Green Men|Chris Morley|40745|__Chris Morley||61:11|81;153;361;893;1081;1780;2046;2169;2470;2838;3019;3239;3388;3566;3625;3671
244|4|Green Men|Garry Parmenter|36182|__Garry Parmenter||61:27|99;186;279;849;1040;2025;2141;2271;2506;2836;2996;3222;3431;3595;3648;3687
245|4|Green Men|Dick Clark|36003|__Dick Clark||62:26|120;405;489;1051;1215;1616;2188;2338;2639;2966;3147;3341;3513;3655;3708;3746
246|4|Green Men|Robin Barris|47061|__Robin Barris||63:24|95;327;442;1104;1341;1676;1788;2000;2274;2731;2934;3248;3439;3672;3742;3804
247|4|Green Men|John Davies|38342|__John Davies||63:36|118;267;558;1186;1402;1778;1907;2137;2380;2791;3036;3290;3458;3694;3771;3816
248|4|Green Men|Ted McDonald|40504|__Ted McDonald||63:37|146;244;371;1020;1240;1770;1886;2033;2362;2772;2967;3232;3485;3696;3767;3817
249|4|Green Men|Brian Daniel|40262|__Brian Daniel||63:57|81;263;350;910;1097;1888;2013;2151;2437;2974;3137;3387;3559;3733;3793;3837
250|4|Green Men|Peter Leverington|43985|__Peter Leverington||66:03|250;382;523;1242;1488;1865;1987;2164;2462;2895;3096;3352;3577;3843;3923;3963
251|4|Green Men|John Brown|40380|__John Brown||69:16|121;252;398;1226;1519;1917;2030;2219;2558;3065;3371;3674;3850;4035;4111;4156
252|4|Green Men|John Lewis|43683|__John Lewis||70:06|93;283;420;1019;1228;1934;2077;2317;2559;2929;3490;3712;3885;4067;4153;4206
253|4|Green Men|Rodney Freeburn|45251|__Rodney Freeburn||70:46|150;355;524;1356;1625;2078;2203;2395;2706;3128;3353;3645;3835;4102;4190;4246
254|4|Green Men|Brian Roberts|40386|__Brian Roberts||73:10|98;374;474;1121;1320;1999;2107;2579;2830;3243;3660;3881;4065;4249;4352;4390
255|4|Green Men|Craig Manley|39904|__Craig Manley||73:34|106;406;606;1207;1828;2138;2255;2505;2783;3353;3580;3835;4010;4229;4372;4414
256|4|Green Men|Alan Bedder|43502|__Alan Bedder||75:03|194;306;454;1651;1914;2330;2464;2645;2948;3386;3590;3885;4100;4348;4438;4503
257|4|Green Men|Chris Baker|42421|__Chris Baker||76:10|292;474;610;1393;1657;2130;2267;2450;2863;3395;3648;3985;4212;4438;4526;4570
258|4|Green Men|F Lyness|42065|__F Lyness||76:20|413;498;607;1453;1658;2410;2563;2704;2979;3427;3651;3899;4104;4451;4540;4580
259|4|Green Men|John Russell|38828|__John Russell||77:35|131;264;397;1603;1854;2210;2311;2621;2832;3530;3779;4095;4262;4467;4622;4655
260|4|Green Men|Terry Marsh|41525|__Terry Marsh||78:11|119;243;391;1078;1368;2048;2312;2481;2779;3296;3529;3759;3968;4216;4640;4691
261|4|Green Men|Colin Flint|38584|__Colin Flint||79:39|138;242;424;1168;1437;1969;2105;2285;2631;3179;3704;3997;4208;4631;4728;4779
262|4|Green Men|Roger Horton|38952|__Roger Horton||81:42|102;345;489;1026;1231;1565;1981;2101;2363;3846;3996;4229;4551;4827;4863;4902
263|4|Green Men|Richard Tilley|41641|__Richard Tilley||89:06|256;733;882;1590;1885;2944;3104;3291;3626;4245;4476;4746;4980;5206;5294;5346
264|4|Green Men|Tony Gardner|42543|__Tony Gardner||90:20|127;361;513;1562;1893;2327;2487;2787;3158;3689;4008;4458;4839;5230;5348;5420
265|4|Green Men|Jack Isbester|42667|__Jack Isbester||96:18|136;684;856;1690;2034;2470;3459;3655;4020;4521;4784;5081;5319;5595;5711;5778
266|4|Green Men|Derek Graves|44164|__Derek Graves||98:50|248;295;463;2831;3020;3781;4244;4389;4625;5043;5229;5472;5623;5798;5856;5930
267|4|Green Men|Cliff Short|37023|__Cliff Short||100:44|631;951;1114;1924;2279;2693;3036;3257;3608;4085;4346;4677;5445;5763;5968;6044
268|4|Green Men|Graham Ward|41761|__Graham Ward||103:24|139;450;586;1335;1745;3628;4138;4381;4699;5123;5330;5589;5803;6063;6150;6204
269|4|Green Men|Colin Curtis|39484|__Colin Curtis||104:44|100;292;427;1166;1599;3327;3577;3752;4063;5120;5334;5626;5809;6116;6221;6284
270|4|Green Men|Alan Coddington|41468|__Alan Coddington||120:07|189;369;574;1792;2142;3248;4461;4723;5141;5768;6035;6357;6623;7031;7109;7207
271|4|Green Men|Calvin Manning|38404|__Calvin Manning||126:07|114;218;553;2977;3424;4610;4739;5011;5369;6208;6401;6676;6902;7354;7519;7567
272|4|Green Men|Brian Francis|37862|__Brian Francis||165:03|452;842;1282;2515;3271;5154;5304;5674;6460;7253;7727;8296;8690;9611;9797;9903
273|4|Green Men|Glyn Parry|45002|__Glyn Parry||65:48|171;724;895;1616;2817;3887;3948
274|4|Green Men|Philip Young|37206|__Philip Young||120:38|169;853;1002;1867;2234;2898;3733;3896;4363;5589;6195;7238
275|4|Green Men|David Currie|37924|__David Currie||148:40|255;910;3508;3862;5151;5307;5545;6460;7137;8386;8829;8920
276|5|Green Women|Jackie Chapman|44042|__Jackie Chapman||44:38|102;212;321;772;965;1242;1358;1491;1709;2007;2128;2298;2459;2580;2638;2678
277|5|Green Women|Elizabeth Drew|43201|__Elizabeth Drew||47:19|98;189;315;785;989;1345;1450;1573;1858;2167;2299;2462;2655;2739;2794;2839
278|5|Green Women|Helen Errington|43564|__Helen Errington||48:19|88;432;564;1048;1247;1518;1636;1772;1971;2309;2413;2559;2723;2809;2859;2899
279|5|Green Women|Christine Kiddier|43802|__Christine Kiddier||48:55|77;187;373;838;1077;1520;1605;1747;1955;2277;2412;2559;2747;2833;2893;2935
280|5|Green Women|Chris Robinson|46801|__Chris Robinson||50:22|97;197;316;807;1191;1488;1599;1766;2007;2336;2509;2665;2845;2924;2979;3022
281|5|Green Women|Sue Woods|42846|__Sue Woods||56:04|93;233;363;954;1208;1626;1778;1934;2209;2530;2659;2825;3017;3161;3331;3364
282|5|Green Women|Nicola Gardner|45787|__Nicola Gardner||56:30|90;188;329;1012;1249;1614;1738;1909;2210;2586;2736;2933;3157;3282;3334;3390
283|5|Green Women|Hilary Sellens|45661|__Hilary Sellens||56:39|107;271;375;858;1054;1335;1435;1565;1798;2657;2767;2932;3168;3241;3351;3399
284|5|Green Women|Emma Johnson|43862|__Emma Johnson||58:34|302;403;518;1088;1318;1749;1916;2059;2315;2763;2886;3095;3327;3417;3474;3514
285|5|Green Women|E Diagon|41047|__E Diagon||58:39|74;167;285;864;1489;1834;1944;2162;2447;2820;2944;3154;3342;3415;3473;3519
286|5|Green Women|Jane Archer|37142|__Jane Archer||59:14|100;195;330;833;1038;1353;2142;2272;2514;2881;2993;3171;3364;3453;3506;3554
287|5|Green Women|Sarah Rollins|38099|__Sarah Rollins||60:17|93;201;376;1006;1311;1692;1836;2029;2343;2751;2930;3124;3363;3470;3535;3617
288|5|Green Women|Jenny Bray|43440|__Jenny Bray||62:15|93;346;489;1013;1247;1877;1985;2124;2572;2959;3095;3292;3530;3630;3689;3735
289|5|Green Women|Galvin Catherine|39243|__Galvin Catherine||63:38|143;298;458;1060;1334;1771;1913;2090;2421;2974;3122;3353;3574;3674;3764;3818
290|5|Green Women|Susan Gardner|43082|__Susan Gardner||63:39|115;238;402;1015;1270;1877;2006;2243;2537;2944;3141;3315;3554;3668;3755;3819
291|5|Green Women|Teresa Turner|45302|__Teresa Turner||64:20|92;232;376;913;1221;1620;1864;2069;2448;2875;3027;3271;3596;3740;3808;3860
292|5|Green Women|Barbara Fothergill|38705|__Barbara Fothergill||66:39|90;379;536;1203;1487;1938;2080;2249;2560;3055;3207;3431;3772;3880;3941;3999
293|5|Green Women|Kathy Haynes|44527|__Kathy Haynes||67:34|428;519;675;1307;1537;1842;2094;2238;2722;3085;3238;3489;3779;3904;3996;4054
294|5|Green Women|Janet Biggs|42603|__Janet Biggs||69:27|154;373;551;1235;1525;1934;2091;2297;2688;3134;3314;3588;3890;4026;4107;4167
295|5|Green Women|Rina Hill|37565|__Rina Hill||71:33|140;300;448;1103;1464;1887;2032;2472;2857;3306;3466;3664;3906;4182;4243;4293
296|5|Green Women|Hilary Gower|37504|__Hilary Gower||72:38|171;341;514;1161;1539;1966;2106;2569;2942;3407;3615;3828;4097;4248;4308;4358
297|5|Green Women|Jane Breed|36306|__Jane Breed||73:00|139;280;452;1180;1489;1974;2137;2345;2741;3272;3442;3725;4063;4208;4317;4380
298|5|Green Women|Barbara Lugton|36242|__Barbara Lugton||73:23|654;787;945;1462;1869;2276;2553;2697;2978;3557;3730;3946;4152;4239;4355;4403
299|5|Green Women|Jane Quinton|44827|__Jane Quinton||74:28|161;859;1046;1683;1946;2324;2461;2622;2983;3447;3691;3909;4197;4327;4414;4468
300|5|Green Women|Sally Pribul|37327|__Sally Pribul||74:34|151;335;520;1208;1527;1984;2152;2381;2982;3515;3689;3912;4180;4324;4412;4474
301|5|Green Women|Janet Cronk|43262|__Janet Cronk||76:29|393;621;962;1562;1778;2076;2643;2847;3137;3639;3884;4073;4322;4480;4551;4589
302|5|Green Women|Sue Carton|43142|__Sue Carton||76:53|97;221;360;899;1163;1568;2966;3132;3396;3783;3982;4169;4381;4493;4564;4613
303|5|Green Women|Frances Goldingay|36492|__Frances Goldingay||78:22|146;410;593;1189;1639;2033;2687;2846;3193;3651;3857;4085;4364;4576;4653;4702
304|5|Green Women|Nancy Powell Davies|41882|__Nancy Powell Davies||79:14|182;420;610;1261;1603;2091;2298;2529;2998;3595;3844;4171;4461;4612;4698;4754
305|5|Green Women|Alison Curtis|44881|__Alison Curtis||79:45|690;830;987;1590;1910;2541;2677;2840;3301;3842;4037;4303;4543;4651;4719;4785
306|5|Green Women|Gill Sharp|40922|__Gill Sharp||80:12|123;260;407;1130;2335;2691;2889;3108;3346;3810;3969;4201;4449;4647;4740;4812
307|5|Green Women|Nicky Masson|39602|__Nicky Masson||82:31|103;207;377;1078;1378;2009;2137;2429;2739;3376;4149;4382;4705;4832;4912;4951
308|5|Green Women|Rowan Purkis|36784|__Rowan Purkis||84:37|136;387;568;1559;2024;2545;2840;3262;3612;4123;4330;4539;4842;4955;5026;5077
309|5|Green Women|Lyn West|44403|__Lyn West||86:12|685;986;1117;1638;2376;2787;2890;3028;3397;3851;4024;4222;4856;5079;5122;5172
310|5|Green Women|Penny Parkes|45487|__Penny Parkes||87:02|306;467;657;1363;1677;2666;2906;3140;3559;4188;4365;4656;4930;5094;5166;5222
311|5|Green Women|Louise Frith|38641|__Louise Frith||89:04|146;433;610;1274;1636;2163;2388;2612;2982;3847;4324;4748;5057;5174;5262;5344
312|5|Green Women|Fay Taylor|40202|__Fay Taylor||91:02|132;266;441;1085;1413;2211;2361;2587;3115;4312;4523;4849;5166;5300;5403;5462
313|5|Green Women|Maria Marshall|38223|__Maria Marshall||93:43|272;458;663;1503;1818;2327;2482;2653;2987;3526;3694;5054;5342;5464;5569;5623
314|5|Green Women|Marion Fitt|41942|__Marion Fitt||94:08|618;715;936;1738;2157;2823;3069;3414;3776;4451;4613;4904;5167;5280;5578;5648
315|5|Green Women|Hazel Bickle|36963|__Hazel Bickle||95:08|630;803;1042;1821;2342;2796;3036;3320;3715;4465;4670;4951;5252;5541;5652;5708
316|5|Green Women|Ros West|38042|__Ros West||96:20|168;444;615;1307;1683;2069;2890;3072;3533;4754;4962;5237;5483;5620;5714;5780
317|5|Green Women|Wendy Welham|40620|__Wendy Welham||96:30|430;540;685;1236;1829;2293;2413;2610;3778;4498;4747;5015;5304;5431;5726;5790
318|5|Green Women|Karen Heybrock|42004|__Karen Heybrock||98:56|501;670;982;1809;2100;2635;3418;3588;3964;4487;4745;5269;5583;5780;5881;5936
319|5|Green Women|Rachel Barford|41341|__Rachel Barford||102:00|662;1201;1706;2466;2978;3472;3734;4003;4366;5122;5283;5545;5805;5964;6056;6120
320|5|Green Women|Sue Cooles|39663|__Sue Cooles||102:56|190;393;540;1232;1502;3242;3355;3491;3811;4629;5437;5670;5897;6044;6137;6176
321|5|Green Women|Estella Ward|40682|__Estella Ward||106:50|535;743;937;1810;2197;3278;3956;4234;4622;5144;5496;5728;6053;6254;6334;6410
322|5|Green Women|Charlotte Cheetham|39842|__Charlotte Cheetham||109:18|302;479;1276;2319;2830;3406;3956;4180;4482;4986;5355;5636;6081;6206;6504;6558
323|5|Green Women|Cathi Kelleher|40442|__Cathi Kelleher||140:02|610;760;1003;2974;3323;5643;5806;5946;6286;6749;7298;7620;8052;8255;8351;8402
324|5|Green Women|Anne May|37307|__Anne May||59:19|97;210;363;1229;1592;1727;1899;2202;2633;2782;3000;3230;3437;3503;3559
325|5|Green Women|Gail Parker|45840|__Gail Parker||74:15|92;254;393;921;1733;2223;2889;3329;4455
326|5|Green Women|Hazel Light|39064|__Hazel Light||75:08|854;1231;2063;3160;4508
327|5|Green Women|Christine Artus|36905|__Christine Artus||89:01|104;691;861;2094;2403;2817;3088;3275;5341
328|5|Green Women|Julie Warwick-Munday|46148|__Julie Warwick-Munday||110:21|141;559;845;1533;1838;5172;5397;5697;6111;6376;6539;6621
329|5|Green Women|Chris Glew|37442|__Chris Glew||125:58|348;609;797;1605;1884;4909;5092;5460;6660;6908;7380;7479;7558
330|5|Green Women|Rosemary Beardow|36664|__Rosemary Beardow||129:44|243;582;1182;2099;2469;3731;4090;4297;4725;7784
331|6|Light Green|Adam Bennett|39782|__Adam Bennett||25:06|119;536;763;850;968;1085;1266;1407;1478;1506
332|6|Light Green|Tim Street|36301|__Tim Street||25:11|137;575;810;915;1013;1139;1249;1390;1462;1511
333|6|Light Green|Michael May|36720|__Michael May||29:09|142;646;938;1041;1142;1291;1452;1628;1721;1749
334|6|Light Green|James Park|39361|__James Park||30:09|153;655;935;1128;1214;1363;1483;1708;1783;1809
335|6|Light Green|Thomas Louth|39482|__Thomas Louth||30:14|166;635;920;1025;1155;1295;1441;1691;1782;1814
336|6|Light Green|Chris Schofield|39604|__Chris Schofield||31:16|280;715;945;1039;1168;1317;1498;1656;1847;1876
337|6|Light Green|Jonathan Cronk|43263|__Jonathan Cronk||33:06|161;646;1030;1123;1295;1565;1720;1865;1956;1986
338|6|Light Green|Charles McMillan|36002|__Charles McMillan||36:25|150;826;1131;1256;1376;1641;1852;2032;2146;2185
339|6|Light Green|Laura Parkes|45486|__Laura Parkes||36:31|270;872;1181;1309;1461;1651;1807;2051;2154;2191
340|6|Light Green|Kitty Bray|43441|__Kitty Bray||36:48|128;645;1046;1148;1316;1748;1905;2084;2172;2208
341|6|Light Green|Sophie Louth|38948|__Sophie Louth||37:09|173;777;1148;1318;1508;1779;1910;2102;2194;2229
342|6|Light Green|James Haynes|44522|__James Haynes||39:32|196;770;1283;1394;1581;1752;2032;2236;2341;2372
343|6|Light Green|James Mayley|44461|__James Mayley||40:16|205;729;1314;1450;1620;1807;2013;2280;2383;2416
344|6|Light Green|Sophie Brown|41101|__Sophie Brown||41:39|344;948;1445;1583;1809;1969;2155;2346;2459;2499
345|6|Light Green|Jacqueline Heybrock|42003|__Jacqueline Heybrock||42:01|182;748;1165;1299;1571;1845;2036;2356;2492;2521
346|6|Light Green|Mark Purkis|37142|__Mark Purkis||42:30|258;849;1381;1538;1770;1952;2138;2380;2499;2550
347|6|Light Green|Edwin Baynes|38526|__Edwin Baynes||42:55|214;773;1201;1352;1707;1910;2166;2375;2521;2575
348|6|Light Green|Dominic Light|39062|__Dominic Light||43:00|181;742;1489;1600;1774;2038;2209;2414;2544;2580
349|6|Light Green|Ellen Sanderson|36361|__Ellen Sanderson||43:52|225;864;1311;1463;1750;1973;2239;2444;2595;2632
350|6|Light Green|Robert Jones|46261|__Robert Jones||44:58|369;1134;1527;1639;1841;2018;2267;2551;2665;2698
351|6|Light Green|Alexander Robinson|37262|__Alexander Robinson||45:28|198;862;1672;1949;2149;2300;2472;2618;2701;2728
352|6|Light Green|James Taylor|42721|__James Taylor||47:01|331;1055;1453;1613;1936;2148;2359;2640;2776;2821
353|6|Light Green|Ruth Taylor|43985|__Ruth Taylor||47:27|260;1097;1602;1745;1953;2182;2387;2635;2795;2847
354|6|Light Green|Richard Purkis|36780|__Richard Purkis||48:11|332;1072;1604;1739;2154;2311;2509;2749;2852;2891
355|6|Light Green|Helen Carrington|42303|__Helen Carrington||48:23|280;1028;1652;1807;1983;2208;2437;2726;2854;2903
356|6|Light Green|Sarah Park|38821|__Sarah Park||49:30|215;1079;1683;1865;2039;2272;2491;2750;2920;2970
357|6|Light Green|Monica Beale|42902|__Monica Beale||49:55|190;914;1469;1633;2054;2334;2517;2801;2943;2995
358|6|Light Green|Samantha Martin|38764|__Samantha Martin||50:47|223;952;1463;1688;2066;2317;2554;2773;3005;3047
359|6|Light Green|Claire Langford|41158|__Claire Langford||52:04|217;1005;1514;1663;1827;2050;2238;2973;3075;3124
360|6|Light Green|Gemma Cooles|39123|__Gemma Cooles||53:13|331;1209;1693;1916;2224;2463;2669;2948;3144;3193
361|6|Light Green|Rob Tilley|41222|__Rob Tilley||55:03|275;936;1492;1881;2292;2717;2955;3139;3267;3303
362|6|Light Green|Francis Mercer|41042|__Francis Mercer||56:12|533;1024;1526;2314;2627;2820;2999;3190;3320;3372
363|6|Light Green|Andrew Springham|43083|__Andrew Springham||59:54|220;859;2084;2200;2684;2921;3148;3399;3536;3594
364|6|Light Green|Richard Cocks|41282|__Richard Cocks||62:42|268;900;1330;1486;1693;2796;3176;3411;3706;3762
365|6|Light Green|Robert Kay|42546|__Robert Kay||71:02|593;1535;2197;2439;2798;3157;3561;3887;4170;4262
366|6|Light Green|Chris Wharton|41822|__Chris Wharton||82:06|510;1995;2867;3145;3423;3860;4242;4578;4879;4926
367|6|Light Green|Brian Davies|36181|__Brian Davies||109:36|938;1836;2447;4227;4419;4712;5754;6308;6507;6576
368|6|Light Green|Thomas Robertson|40620|__Thomas Robertson||117:53|319;1641;2418;2780;3955;4595;6079;6622;6957;7073
369|6|Light Green|James McMillan|37741|__James McMillan||31:06|112;1866
370|6|Light Green|Paula Keyes|42182|__Paula Keyes||71:17|572;1670;2801;3294;3917;4172;4277
371|6|Light Green|Conor Weed|39421|__Conor Weed||96:20|871;1873;2890;3276;4311;4926;5187;5730;5780
372|6|Light Green|Gregory Cablon|43682|__Gregory Cablon||97:52|542;1612;2811;3160;5729;5872
373|7|Orange|Stephen Green|42122|__Stephen Green||32:13|58;262;385;601;689;868;1178;1343;1668;1788;1898;1933
374|7|Orange|Greg Street|44042|__Greg Street||32:47|56;184;277;515;685;839;1139;1446;1723;1829;1939;1967
375|7|Orange|Alex Chilvers|43082|__Alex Chilvers||37:03|83;247;376;664;783;995;1376;1549;1909;2039;2161;2223
376|7|Orange|Chris Young|36840|__Chris Young||37:55|58;201;316;580;706;899;1552;1693;1984;2079;2220;2275
377|7|Orange|Michael Park|40141|__Michael Park||43:28|70;211;358;682;819;1092;1537;1795;2210;2357;2532;2608
378|7|Orange|Shona Masson|39604|__Shona Masson||44:00|77;254;378;642;905;1172;1674;1884;2288;2424;2583;2640
379|7|Orange|Marcus Poland|42542|__Marcus Poland||45:55|51;346;445;706;846;1041;1865;2086;2448;2577;2699;2755
380|7|Orange|Miranda Leaf|36481|__Miranda Leaf||49:23|80;248;422;826;974;1243;1726;2050;2418;2561;2925;2963
381|7|Orange|Jake Thompson|43203|__Jake Thompson||52:25|704;874;1014;1310;1507;1706;2078;2290;2770;2958;3091;3145
382|7|Orange|Alex Coates|43982|__Alex Coates||54:57|98;247;366;1061;1212;1455;1922;2228;2822;2939;3244;3297
383|7|Orange|Stephen Leadbetter|38465|__Stephen Leadbetter||55:14|76;571;690;1017;1174;1388;2033;2277;2983;3139;3271;3314
384|7|Orange|Nicholas Harrison|45668|__Nicholas Harrison||57:12|87;386;518;786;1237;1499;2108;2450;2914;3170;3390;3432
385|7|Orange|Megan Eldridge|42722|__Megan Eldridge||60:16|108;274;422;828;1345;1626;2053;2893;3254;3436;3568;3616
386|7|Orange|Niall Hogan|37983|__Niall Hogan||63:14|93;1055;1171;1497;1651;1865;2512;2755;3463;3620;3755;3794
387|7|Orange|William Louth|38942|__William Louth||69:13|70;312;417;727;1012;1265;1846;2924;3467;3618;4103;4153
388|7|Orange|James Harrison|41043|__James Harrison||69:20|117;426;584;946;1724;1979;2568;2946;3753;3910;4089;4160
389|7|Orange|Thomas Birkett|38823|__Thomas Birkett||84:23|79;431;534;838;1697;1928;3767;3974;4619;4766;5015;5063
390|7|Orange|Sophie Light|39061|__Sophie Light||88:09|77;340;549;1068;1356;1695;2658;2955;4745;4920;5230;5289
391|7|Orange|Jane White|40563|__Jane White||88:57|136;389;595;1013;1233;1614;2306;2996;4557;4804;5229;5337
392|7|Orange|James Thatcher|40023|__James Thatcher||95:30|162;562;828;1381;1728;2279;3130;3671;4921;5146;5526;5730
393|7|Orange|Becky Young|36663|__Becky Young||97:26|360;767;898;1289;1479;1790;3247;3630;5387;5586;5768;5846
394|7|Orange|Freddi Durgan|36903|__Freddi Durgan||105:45|161;476;684;1107;1298;2073;2994;3516;5151;5437;6221;6345
395|7|Orange|Peter Charley|44644|__Peter Charley||115:17|241;582;838;2426;3023;3805;4815;5248;6277;6701;6848;6917
396|7|Orange|Jonathan Heybrock|42002|__Jonathan Heybrock||119:38|97;265;390;676;1382;1928;3244;3517;5276;7012;7145;7178
397|7|Orange|Thomas Martin|38763|__Thomas Martin||133:42|111;1161;1449;1963;2401;3491;4839;5220;7300;7528;7974;8022
398|7|Orange|Sasha Warren|36242|__Sasha Warren||143:30|171;521;840;1480;1967;2832;5085;5980;7735;8122;8529;8610
399|7|Orange|Matthew Haynes|44525|__Matthew Haynes||46:58|71;376;566;952;1398;1997;2375;2590;2778;2818
400|7|Orange|Frances Street|36303|__Frances Street||66:34|119;421;622;1032;1361;1665;2260;2647;3919;3994
401|7|Orange|Calum Machin|39363|__Calum Machin||98:22|139;538;701;5902
402|7|Orange| Bhuchar|38402|__ Bhuchar||104:02|163;476;714;1265;1684;2162;3229;3648;6242
403|7|Orange|M Binnie|38524|__M Binnie||108:30|146;880;1089;1687;1889;2206;2961;3533;6081;6416;6510
404|8|Short Green|Jenny Collyer|45185|__Jenny Collyer||50:32|521;627;745;1183;1384;1705;1835;2237;2368;2615;2707;2815;2905;2982;3032
405|8|Short Green|Clarissa Napier|43204|__Clarissa Napier||53:24|101;227;373;1019;1281;1654;1864;2151;2331;2650;2807;2945;3081;3147;3204
406|8|Short Green|Macarthur Gollifer|36603|__Macarthur Gollifer||56:39|280;405;576;1204;1420;1814;1994;2358;2531;2903;3037;3157;3259;3342;3399
407|8|Short Green|Margaret Stedman|44646|__Margaret Stedman||60:36|110;277;503;1076;1362;1709;1917;2222;2413;2835;3121;3357;3463;3579;3636
408|8|Short Green|Barbara George|42243|__Barbara George||62:27|216;358;528;1157;1481;1872;2093;2508;2710;3123;3316;3472;3608;3690;3747
409|8|Short Green|Jennifer Taylor|36063|__Jennifer Taylor||65:44|164;322;442;1751;1955;2400;2560;2830;3129;3440;3573;3706;3819;3890;3944
410|8|Short Green|Susie Hall|36841|__Susie Hall||68:22|153;370;554;1280;1573;1988;2261;2598;2867;3366;3543;3730;3920;4039;4102
411|8|Short Green|Pat Bedder|42725|__Pat Bedder||71:10|148;368;636;1354;1646;2167;2406;2753;2966;3364;3791;3957;4091;4183;4270
412|8|Short Green|Racheal Hopkins|44704|__Racheal Hopkins||71:11|131;352;537;1460;1731;2131;2369;2725;3145;3574;3740;3910;4049;4172;4271
413|8|Short Green|Geraldine Russell|39366|__Geraldine Russell||74:14|634;726;925;1738;1935;2262;2549;3136;3557;3897;3995;4125;4224;4395;4454
414|8|Short Green|Anne Power|41402|__Anne Power||76:07|592;685;891;2275;2529;2839;3036;3437;3597;3989;4162;4290;4436;4523;4567
415|8|Short Green|Ken Livermore|45303|__Ken Livermore||76:21|524;648;846;1721;2187;2549;2744;3060;3254;3971;4125;4291;4444;4514;4581
416|8|Short Green|Daphne Pugh|40023|__Daphne Pugh||76:27|159;366;526;1631;1905;2309;2536;3011;3382;3832;4103;4288;4419;4502;4587
417|8|Short Green|Jane Daniel|40083|__Jane Daniel||77:53|348;622;848;1606;1943;2612;2896;3277;3581;3990;4122;4290;4479;4591;4673
418|8|Short Green|Ursula Oxburgh|37682|__Ursula Oxburgh||79:07|155;394;577;1655;1989;2440;2650;3204;3428;3847;4085;4248;4512;4679;4747
419|8|Short Green|Pat Nelson|44104|__Pat Nelson||81:34|224;400;591;1324;2307;2740;2982;3392;3627;4148;4325;4532;4692;4806;4894
420|8|Short Green|Gerry Gleeson|43023|__Gerry Gleeson||81:59|212;350;494;2061;2330;3276;3482;3775;3922;4213;4547;4673;4812;4874;4919
421|8|Short Green|Cynthia Ling|37081|__Cynthia Ling||83:18|162;401;602;1524;1849;2317;2570;2953;3216;4134;4524;4672;4819;4904;4998
422|8|Short Green|John Currie|46510|__John Currie||84:46|253;616;797;1836;2262;2698;3057;3454;3710;4200;4396;4646;4828;4961;5086
423|8|Short Green|Judy Fry|40981|__Judy Fry||87:30|165;519;718;1568;2064;2829;3085;3573;3977;4447;4650;4828;5051;5202;5250
424|8|Short Green|Susan Howes|41224|__Susan Howes||93:10|185;313;444;1103;2193;2479;2956;3332;3633;4117;4800;4939;5303;5531;5590
425|8|Short Green|Sue Lumas|42782|__Sue Lumas||101:26|1515;1707;1905;2549;2924;3424;3786;4165;4444;5209;5479;5716;5920;6018;6086
426|8|Short Green|Julia Baker|37387|__Julia Baker||147:30|216;680;1606;4291;4685;5257;5538;6739;6989;7537;8207;8447;8618;8770;8850
427|8|Short Green|Roy Whitehead|41584|__Roy Whitehead||125:45|267;744;923;2607;3063;3685;4287;4808;6434;6675;7088;7264;7438;7545
428|9|White|Katie and Emily Lobley|40088|__Katie and Emily Lobley||12:25|38;65;117;177;312;363;483;523;543;619;671;745
429|9|White|James Errington|43085|__James Errington||13:26|37;64;149;219;356;417;525;555;593;727;768;806
430|9|White|Sam Oakley|37803|__Sam Oakley||15:43|32;61;105;172;261;305;482;714;749;849;883;943
431|9|White|Peter Errington|43142|__Peter Errington||16:13|49;90;151;237;361;481;558;603;667;830;862;973
432|9|White|Ben Wetherill|43022|__Ben Wetherill||25:29|29;67;117;184;265;311;370;394;428;1434;1490;1529
433|10|Yellow|Alistair Masson|39602|__Alistair Masson||29:37|81;187;506;696;868;1088;1262;1340;1385;1738;1777
434|10|Yellow|Robert Mann|37504|__Robert Mann||31:50|157;279;422;611;849;1035;1266;1337;1419;1856;1910
435|10|Yellow|Alistair Cocks|44657|__Alistair Cocks||33:54|119;254;539;832;1028;1354;1679;1783;1839;1982;2034
436|10|Yellow|Christopher Martin Taylor|38222|__Christopher Martin Taylor||34:10|93;273;455;799;1080;1345;1644;1731;1798;1957;2050
437|10|Yellow|Ken Oakley|38161|__Ken Oakley||34:50|65;169;1178;1367;1490;1625;1830;1890;1941;2050;2090
438|10|Yellow|James Oakley|38281|__James Oakley||35:31|95;222;468;890;1190;1499;1753;1857;1924;2086;2131
439|10|Yellow|Charlie Oakley|37802|__Charlie Oakley||37:20|90;239;718;1057;1372;1547;1862;1921;2064;2197;2240
440|10|Yellow|Johanna Brunner +1|40083|__Johanna Brunner +1||42:25|150;371;585;899;1243;1577;2000;2135;2244;2476;2545
441|10|Yellow|Robert Young|36661|__Robert Young||43:24|112;237;472;1326;1583;1850;2129;2189;2260;2550;2604
442|10|Yellow|Mark Moore|38463|__Mark Moore||44:05|79;245;530;775;1331;1797;2054;2141;2182;2595;2645
443|10|Yellow|Jonathan Maw|38702|__Jonathan Maw||46:26|98;329;1193;1486;1800;2231;2460;2555;2599;2713;2786
444|10|Yellow|Cameron Grewar|38105|__Cameron Grewar||53:14|199;394;649;1100;1442;2051;2486;2645;2763;3122;3194
445|10|Yellow|Daniele Scanio|37742|__Daniele Scanio||62:35|102;200;2151;2358;2744;3187;3434;3519;3567;3710;3755
446|10|Yellow|Daniel Moss|40503|__Daniel Moss||75:51|314;789;1822;2913;3209;3529;3868;4000;4097;4387;4551
447|10|Yellow|Luke Howkins|37982|__Luke Howkins||48:16|83;188;1310;2194;2531;2594;2641;2896
50151|3|| GPS Simon Errington|35624|||||250;-1383,0N248;-1382,0N246;-1381,0N243;-1380,0N239;-1378,0N234;-1378,0N229;-1377,0N224;-1377,0N220;-1377,0N215;-1378,0N210;-1379,0N206;-1379,0N202;-1378,0N202;-1374,0N202;-1369,0N199;-1364,0N194;-1361,0N188;-1360,0N183;-1359,0N179;-1359,0N171;-1360,0N165;-1363,0N161;-1365,0N154;-1367,0N149;-1365,0N147;-1363,0N142;-1362,0N140;-1360,0N141;-1357,0N143;-1354,0N143;-1350,0N144;-1346,0N148;-1341,0N149;-1336,0N150;-1332,0N152;-1328,0N155;-1321,0N159;-1316,0N163;-1313,0N169;-1310,0N174;-1310,0N178;-1309,0N181;-1309,0N183;-1310,0N180;-1309,0N177;-1307,0N173;-1302,0N171;-1297,0N171;-1292,0N168;-1288,0N164;-1285,0N160;-1283,0N156;-1283,0N152;-1280,0N148;-1277,0N143;-1276,0N139;-1274,0N136;-1272,0N133;-1268,0N130;-1265,0N127;-1262,0N125;-1259,0N124;-1253,0N124;-1247,0N124;-1242,0N123;-1238,0N119;-1236,0N118;-1231,0N118;-1226,0N120;-1221,0N123;-1216,0N121;-1211,0N119;-1208,0N115;-1205,0N112;-1202,0N111;-1196,0N112;-1193,0N111;-1190,0N111;-1186,0N110;-1184,0N109;-1180,0N109;-1176,0N109;-1172,0N109;-1168,0N111;-1164,0N114;-1160,0N116;-1156,0N119;-1152,0N122;-1147,0N126;-1143,0N129;-1139,0N132;-1135,0N135;-1133,0N139;-1131,0N141;-1130,0N144;-1128,0N146;-1125,0N149;-1123,0N152;-1119,0N155;-1116,0N157;-1113,0N163;-1111,0N166;-1108,0N170;-1107,0N173;-1105,0N176;-1103,0N179;-1100,0N183;-1098,0N184;-1094,0N186;-1090,0N188;-1086,0N191;-1082,0N194;-1079,0N197;-1075,0N200;-1072,0N202;-1069,0N207;-1066,0N212;-1062,0N216;-1059,0N220;-1056,0N223;-1054,0N226;-1053,0N229;-1049,0N234;-1047,0N239;-1045,0N244;-1043,0N247;-1041,0N250;-1040,0N255;-1039,0N261;-1038,0N264;-1035,0N267;-1032,0N269;-1027,0N272;-1023,0N273;-1020,0N273;-1017,0N274;-1013,0N277;-1008,0N280;-1003,0N283;-998,0N286;-995,0N288;-991,0N290;-985,0N292;-981,0N293;-976,0N295;-971,0N296;-969,0N299;-966,0N303;-962,0N306;-958,0N307;-953,0N310;-949,0N312;-946,0N318;-942,0N323;-939,0N327;-937,0N332;-935,0N337;-932,0N343;-931,0N347;-928,0N350;-923,0N351;-918,0N353;-914,0N356;-909,0N358;-905,0N359;-901,0N359;-895,0N361;-891,0N364;-886,0N366;-882,0N368;-876,0N371;-871,0N375;-863,0N378;-859,0N382;-856,0N385;-850,0N388;-846,0N392;-843,0N396;-840,0N399;-836,0N403;-832,0N407;-828,0N410;-825,0N414;-822,0N419;-820,0N424;-817,0N429;-814,0N433;-812,0N437;-811,0N438;-806,0N440;-801,0N443;-798,0N446;-795,0N447;-791,0N450;-788,0N453;-783,0N457;-780,0N461;-779,0N463;-775,0N466;-770,0N467;-767,0N469;-761,0N471;-759,0N473;-755,0N475;-751,0N476;-745,0N479;-741,0N480;-736,0N482;-732,0N485;-726,0N488;-722,0N490;-718,0N493;-716,0N498;-713,0N502;-712,0N508;-709,0N513;-706,0N518;-703,0N524;-701,0N529;-697,0N534;-693,0N539;-691,0N544;-688,0N548;-686,0N550;-684,0N551;-682,0N554;-681,0N557;-680,0N558;-676,0N561;-674,0N564;-671,0N566;-669,0N568;-665,0N571;-662,0N573;-660,0N575;-661,0N578;-661,0N581;-661,0N583;-660,0N585;-659,0N587;-659,0N589;-658,0N592;-658,0N594;-657,0N596;-657,0N600;-657,0N604;-659,0N608;-658,0N610;-656,0N612;-654,0N615;-652,0N618;-649,0N622;-648,0N625;-647,0N629;-642,0N633;-639,0N637;-636,0N642;-633,0N645;-630,0N648;-627,0N652;-625,0N655;-623,0N660;-622,0N664;-621,0N668;-620,0N673;-618,0N677;-616,0N679;-617,0N683;-620,0N685;-624,0N688;-628,0N691;-630,0N695;-633,0N698;-635,0N701;-639,0N704;-643,0N710;-647,0N715;-650,0N719;-654,0N725;-657,0N728;-662,0N732;-666,0N736;-671,0N741;-675,0N745;-679,0N749;-682,0N751;-688,0N754;-693,0N755;-699,0N756;-706,0N758;-712,0N758;-718,0N760;-724,0N759;-726,0N757;-730,0N754;-734,0N753;-738,0N749;-739,0N746;-742,0N740;-746,0N736;-747,0N731;-749,0N728;-751,0N723;-753,0N719;-753,0N716;-754,0N714;-755,0N714;-756,0N713;-757,0N712;-759,0N709;-759,0N705;-761,0N701;-762,0N698;-765,0N697;-768,0N692;-769,0N689;-772,0N685;-774,0N682;-775,0N678;-778,0N674;-779,0N669;-782,0N665;-783,0N661;-784,0N657;-786,0N654;-786,0N650;-786,0N647;-785,0N643;-785,0N638;-785,0N634;-785,0N631;-782,0N627;-781,0N624;-776,0N620;-774,0N617;-773,0N613;-772,0N609;-772,0N605;-772,0N601;-770,0N597;-767,0N593;-766,0N590;-764,0N587;-761,0N584;-759,0N581;-756,0N580;-754,0N580;-751,0N578;-752,0N576;-752,0N573;-751,0N571;-748,0N568;-744,0N565;-742,0N562;-739,0N560;-738,0N559;-735,0N556;-736,0N553;-735,0N550;-733,0N548;-731,0N545;-729,0N543;-727,0N540;-723,0N537;-721,0N534;-716,0N532;-712,0N529;-710,0N525;-708,0N521;-706,0N518;-704,0N515;-702,0N511;-697,0N509;-694,0N506;-692,0N501;-690,0N498;-688,0N497;-686,0N492;-684,0N489;-683,0N486;-683,0N484;-679,0N484;-675,0N485;-669,0N485;-663,0N484;-659,0N483;-656,0N484;-652,0N482;-647,0N482;-643,0N485;-640,0N488;-640,0N492;-637,0N496;-636,0N501;-636,0N505;-633,0N509;-632,0N511;-632,0N512;-629,0N512;-627,0N512;-626,0N512;-624,0N513;-622,0N513;-620,0N514;-616,0N515;-613,0N516;-608,0N518;-604,0N520;-601,0N520;-598,0N521;-596,0N522;-594,0N522;-592,0N523;-589,0N525;-587,0N528;-587,0N528;-586,0N529;-581,0N530;-578,0N531;-573,0N533;-571,0N534;-568,0N535;-565,0N537;-563,0N539;-559,0N541;-555,0N543;-552,0N545;-548,0N547;-545,0N549;-539,0N552;-536,0N556;-533,0N559;-531,0N563;-529,0N566;-526,0N569;-524,0N571;-523,0N573;-521,0N575;-518,0N577;-514,0N580;-510,0N583;-506,0N585;-504,0N588;-500,0N589;-498,0N592;-495,0N595;-491,0N598;-487,0N600;-485,0N603;-482,0N605;-478,0N609;-475,0N612;-472,0N616;-470,0N619;-468,0N622;-466,0N627;-462,0N630;-460,0N632;-456,0N636;-456,0N640;-455,0N642;-454,0N647;-452,0N650;-450,0N653;-449,0N656;-445,0N659;-444,0N662;-443,0N664;-438,0N666;-436,0N669;-432,0N672;-428,0N674;-424,0N676;-421,0N679;-415,0N682;-411,0N686;-411,0N690;-411,0N695;-413,0N700;-415,0N704;-416,0N708;-417,0N712;-415,0N716;-413,0N720;-409,0N724;-406,0N727;-401,0N731;-399,0N735;-396,0N738;-395,0N741;-393,0N743;-389,0N746;-387,0N750;-385,0N754;-383,0N758;-381,0N761;-378,0N760;-376,0N757;-374,0N754;-371,0N752;-369,0N749;-366,0N745;-366,0N742;-362,0N739;-359,0N736;-358,0N731;-355,0N728;-354,0N727;-350,0N727;-346,0N724;-344,0N723;-340,0N718;-340,0N714;-338,0N711;-334,0N708;-331,0N705;-327,0N702;-324,0N701;-320,0N699;-316,0N696;-312,0N695;-308,0N693;-304,0N691;-302,0N688;-298,0N685;-295,0N683;-291,0N681;-287,0N678;-283,0N675;-278,0N672;-274,0N670;-270,0N668;-267,0N665;-264,0N663;-261,0N660;-258,0N657;-253,0N656;-250,0N653;-244,0N649;-241,0N646;-238,0N644;-235,0N642;-231,0N639;-227,0N636;-224,0N632;-222,0N631;-219,0N630;-214,0N629;-209,0N628;-202,0N628;-197,0N629;-191,0N629;-185,0N629;-180,0N630;-178,0N630;-176,0N630;-174,0N629;-170,0N628;-166,0N627;-162,0N624;-160,0N620;-156,0N619;-155,0N619;-150,0N621;-148,0N625;-144,0N627;-141,0N629;-137,0N630;-133,0N631;-129,0N631;-125,0N631;-120,0N631;-116,0N634;-113,0N633;-108,0N635;-104,0N634;-99,0N636;-95,0N637;-91,0N637;-86,0N637;-84,0N637;-81,0N635;-80,0N633;-79,0N631;-78,0N628;-78,0N625;-77,0N622;-78,0N619;-79,0N617;-81,0N616;-83,0N613;-86,0N608;-90,0N604;-93,0N601;-94,0N598;-97,0N593;-100,0N588;-102,0N585;-105,0N580;-108,0N577;-111,0N573;-113,0N567;-116,0N564;-119,0N560;-122,0N556;-124,0N551;-127,0N548;-129,0N544;-132,0N542;-136,0N539;-140,0N538;-145,0N537;-149,0N537;-153,0N533;-156,0N529;-159,0N526;-164,0N521;-167,0N515;-170,0N510;-170,0N505;-171,0N505;-172,0N506;-175,0N508;-177,0N511;-179,0N514;-182,0N518;-185,0N518;-190,0N519;-194,0N519;-199,0N520;-204,0N519;-209,0N523;-213,0N526;-216,0N530;-220,0N534;-224,0N535;-229,0N535;-233,0N539;-235,0N543;-238,0N545;-241,0N550;-247,0N552;-251,0N553;-255,0N555;-258,0N557;-260,0N559;-263,0N560;-265,0N562;-269,0N564;-271,0N566;-275,0N568;-278,0N571;-280,0N574;-281,0N577;-283,0N579;-286,0N582;-288,0N586;-289,0N589;-293,0N592;-296,0N594;-299,0N594;-304,0N594;-309,0N596;-312,0N597;-319,0N597;-324,0N596;-327,0N597;-333,0N599;-336,0N600;-341,0N601;-346,0N603;-350,0N604;-356,0N605;-361,0N606;-366,0N607;-371,0N607;-375,0N607;-381,0N607;-387,0N608;-391,0N610;-396,0N610;-400,0N611;-405,0N613;-409,0N614;-413,0N616;-419,0N616;-424,0N616;-428,0N618;-433,0N618;-437,0N620;-442,0N621;-446,0N622;-451,0N626;-455,0N627;-459,0N631;-464,0N632;-469,0N633;-474,0N633;-479,0N634;-484,0N634;-489,0N635;-493,0N637;-497,0N639;-501,0N642;-505,0N644;-508,0N648;-511,0N652;-515,0N655;-521,0N657;-527,0N659;-530,0N660;-536,0N661;-541,0N662;-546,0N662;-552,0N664;-555,0N666;-558,0N666;-562,0N666;-568,0N666;-571,0N665;-577,0N666;-580,0N666;-584,0N667;-589,0N669;-593,0N670;-598,0N671;-602,0N673;-607,0N673;-611,0N675;-613,0N677;-617,0N681;-621,0N684;-623,0N687;-627,0N688;-631,0N691;-637,0N695;-639,0N698;-644,0N701;-647,0N704;-650,0N708;-654,0N710;-656,0N713;-660,0N715;-665,0N718;-670,0N722;-676,0N726;-681,0N731;-688,0N733;-691,0N735;-694,0N737;-698,0N738;-702,0N740;-707,0N742;-712,0N743;-717,0N744;-722,0N745;-729,0N747;-735,0N748;-740,0N748;-747,0N747;-752,0N746;-758,0N746;-764,0N746;-769,0N744;-773,0N745;-776,0N746;-778,0N746;-780,0N747;-783,0N747;-786,0N746;-790,0N746;-795,0N747;-798,0N748;-802,0N750;-807,0N750;-810,0N751;-814,0N750;-818,0N749;-821,0N748;-825,0N747;-829,0N746;-833,0N744;-837,0N742;-840,0N740;-844,0N739;-847,0N738;-852,0N737;-856,0N736;-861,0N735;-865,0N735;-869,0N735;-873,0N735;-877,0N735;-882,0N736;-886,0N738;-890,0N738;-895,0N739;-900,0N735;-902,0N733;-906,0N731;-909,0N731;-915,0N729;-919,0N727;-924,0N725;-929,0N722;-933,0N719;-938,0N719;-942,0N720;-947,0N720;-951,0N723;-955,0N725;-957,0N728;-959,0N729;-960,0N727;-963,0N724;-966,0N719;-969,0N715;-971,0N711;-973,0N709;-976,0N708;-979,0N707;-984,0N709;-988,0N704;-990,0N699;-992,0N694;-995,0N688;-997,0N683;-999,0N677;-1002,0N672;-1003,0N666;-1003,0N661;-1002,0N654;-1003,0N649;-1002,0N643;-1003,0N637;-1004,0N631;-1008,0N625;-1012,0N617;-1015,0N610;-1016,0N606;-1015,0N603;-1016,0N600;-1019,0N595;-1022,0N591;-1026,0N585;-1029,0N581;-1029,0N576;-1027,0N572;-1024,0N569;-1022,0N567;-1023,0N564;-1023,0N560;-1023,0N556;-1025,0N551;-1024,0N548;-1026,0N545;-1026,0N540;-1026,0N536;-1029,0N534;-1029,0N529;-1030,0N524;-1030,0N520;-1029,0N516;-1030,0N512;-1032,0N508;-1034,0N504;-1034,0N500;-1034,0N495;-1035,0N492;-1035,0N488;-1036,0N484;-1038,0N479;-1041,0N474;-1043,0N470;-1045,0N465;-1047,0N460;-1048,0N455;-1048,0N449;-1047,0N445;-1046,0N441;-1044,0N436;-1042,0N434;-1038,0N433;-1037,0N432;-1037,0N429;-1037,0N425;-1038,0N422;-1041,0N421;-1043,0N417;-1044,0N414;-1046,0N410;-1049,0N406;-1051,0N401;-1053,0N396;-1055,0N392;-1057,0N388;-1056,0N385;-1058,0N383;-1060,0N383;-1061,0N381;-1064,0N379;-1067,0N377;-1069,0N376;-1072,0N376;-1075,0N375;-1079,0N374;-1083,0N372;-1089,0N369;-1092,0N365;-1096,0N362;-1100,0N358;-1104,0N354;-1109,0N351;-1111,0N346;-1114,0N341;-1116,0N338;-1118,0N332;-1120,0N326;-1120,0N321;-1120,0N317;-1120,0N312;-1120,0N306;-1119,0N302;-1117,0N298;-1115,0N294;-1115,0N291;-1116,0N289;-1116,0N286;-1116,0N284;-1115,0N282;-1115,0N280;-1115,0N278;-1115,0N276;-1117,0N274;-1116,0N273;-1113,0N272;-1109,0N271;-1106,0N270;-1103,0N272;-1098,0N273;-1094,0N273;-1088,0N274;-1084,0N275;-1080,0N277;-1078,0N277;-1074,0N275;-1071,0N273;-1068,0N270;-1066,0N268;-1062,0N266;-1057,0N265;-1055,0N263;-1050,0N261;-1047,0N260;-1042,0N260;-1036,0N261;-1032,0N264;-1027,0N268;-1022,0N268;-1018,0N269;-1016,0N268;-1014,0N271;-1009,0N273;-1004,0N278;-1000,0N281;-997,0N283;-992,0N283;-990,0N281;-988,0N280;-985,0N284;-984,0N290;-981,0N295;-980,0N299;-978,0N304;-976,0N309;-974,0N312;-971,0N316;-969,0N321;-965,0N324;-961,0N327;-959,0N331;-955,0N338;-955,0N343;-956,0N349;-956,0N355;-955,0N361;-956,0N366;-956,0N372;-955,0N377;-957,0N382;-960,0N387;-960,0N393;-958,0N398;-956,0N403;-953,0N408;-952,0N413;-951,0N418;-954,0N423;-954,0N428;-958,0N432;-961,0N437;-966,0N442;-967,0N447;-967,0N452;-966,0N457;-966,0N463;-965,0N468;-966,0N473;-968,0N479;-969,0N484;-970,0N490;-971,0N494;-973,0N499;-976,0N503;-980,0N508;-984,0N513;-987,0N519;-987,0N524;-989,0N529;-992,0N534;-997,0N536;-1001,0N539;-1009,0N542;-1015,0N545;-1022,0N550;-1025,0N555;-1030,0N560;-1032,0N565;-1037,0N570;-1040,0N573;-1040,0N577;-1038,0N580;-1035,0N583;-1031,0N586;-1027,0N589;-1023,0N593;-1019,0N597;-1016,0N600;-1011,0N603;-1011,0N606;-1013,0N610;-1016,0N613;-1019,0N615;-1023,0N618;-1027,0N621;-1030,0N624;-1034,0N628;-1038,0N632;-1041,0N635;-1041,0N639;-1043,0N642;-1044,0N645;-1046,0N648;-1048,0N652;-1049,0N657;-1050,0N661;-1049,0N664;-1049,0N670;-1049,0N674;-1049,0N680;-1049,0N684;-1050,0N688;-1050,0N692;-1051,0N697;-1050,0N701;-1050,0N705;-1047,0N709;-1045,0N713;-1045,0N715;-1046,0N718;-1047,0N721;-1048,0N723;-1047,0N725;-1046,0N727;-1045,0N728;-1042,0N730;-1038,0N732;-1033,0N735;-1030,0N738;-1027,0N739;-1024,0N740;-1023,0N742;-1020,0N743;-1015,0N744;-1012,0N745;-1008,0N744;-1006,0N743;-1003,0N745;-998,0N747;-993,0N749;-989,0N752;-987,0N756;-986,0N756;-983,0N756;-980,0N757;-975,0N758;-971,0N760;-967,0N764;-966,0N768;-964,0N772;-961,0N776;-958,0N781;-957,0N782;-953,0N784;-952,0N783;-948,0N784;-943,0N785;-940,0N789;-933,0N792;-929,0N794;-926,0N795;-924,0N796;-919,0N800;-916,0N803;-910,0N807;-907,0N811;-904,0N812;-899,0N812;-897,0N812;-896,0N807;-894,0N803;-892,0N800;-889,0N800;-885,0N800;-882,0N798;-880,0N798;-878,0N799;-872,0N801;-868,0N800;-867,0N798;-866,0N795;-866,0N793;-867,0N789;-869,0N785;-869,0N781;-866,0N777;-865,0N773;-863,0N769;-862,0N765;-861,0N761;-859,0N757;-858,0N753;-855,0N749;-853,0N744;-851,0N740;-847,0N738;-844,0N735;-842,0N731;-840,0N728;-840,0N726;-840,0N724;-843,0N723;-848,0N720;-853,0N718;-856,0N716;-859,0N716;-862,0N716;-864,0N717;-867,0N718;-871,0N718;-875,0N718;-878,0N717;-882,0N715;-886,0N714;-891,0N712;-896,0N712;-901,0N711;-906,0N711;-910,0N708;-913,0N704;-917,0N700;-920,0N698;-924,0N694;-929,0N692;-934,0N689;-939,0N687;-943,0N685;-948,0N681;-952,0N679;-956,0N676;-962,0N672;-965,0N669;-969,0N666;-974,0N661;-978,0N658;-983,0N653;-988,0N648;-990,0N643;-994,0N639;-1000,0N635;-1005,0N631;-1008,0N627;-1010,0N621;-1013,0N615;-1015,0N610;-1016,0N605;-1018,0N601;-1021,0N597;-1024,0N593;-1027,0N590;-1030,0N587;-1033,0N585;-1037,0N583;-1042,0N582;-1049,0N582;-1054,0N580;-1058,0N578;-1062,0N575;-1065,0N574;-1068,0N573;-1073,0N572;-1076,0N571;-1079,0N569;-1084,0N568;-1088,0N567;-1092,0N563;-1095,0N561;-1099,0N559;-1100,0N556;-1103,0N553;-1106,0N551;-1107,0N549;-1108,0N546;-1110,0N545;-1112,0N544;-1116,0N544;-1118,0N543;-1121,0N542;-1124,0N539;-1127,0N538;-1129,0N540;-1131,0N540;-1132,0N537;-1132,0N533;-1135,0N529;-1136,0N524;-1141,0N520;-1140,0N515;-1142,0N512;-1143,0N509;-1146,0N505;-1147,0N502;-1150,0N499;-1150,0N496;-1153,0N491;-1155,0N487;-1158,0N482;-1158,0N478;-1159,0N475;-1160,0N471;-1163,0N466;-1166,0N462;-1166,0N458;-1166,0N456;-1166,0N452;-1168,0N448;-1169,0N445;-1169,0N442;-1170,0N438;-1172,0N434;-1172,0N432;-1173,0N430;-1175,0N428;-1175,0N426;-1175,0N423;-1175,0N421;-1176,0N418;-1177,0N415;-1180,0N411;-1183,0N406;-1185,0N402;-1187,0N400;-1190,0N398;-1194,0N396;-1195,0N393;-1196,0N390;-1196,0N385;-1196,0N380;-1198,0N377;-1200,0N374;-1202,0N371;-1206,0N367;-1210,0N364;-1212,0N361;-1215,0N358;-1217,0N355;-1221,0N353;-1224,0N350;-1228,0N347;-1230,0N343;-1233,0N339;-1236,0N339;-1239,0N338;-1242,0N333;-1242,0N329;-1244,0N326;-1248,0N325;-1250,0N326;-1252,0N327;-1253,0N328;-1255,0N328;-1257,0N331;-1259,0N332;-1260,0N336;-1262,0N336;-1263,0N338;-1264,0N342;-1266,0N346;-1269,0N350;-1273,0N351;-1278,0N353;-1283,0N355;-1288,0N357;-1291,0N360;-1295,0N363;-1299,0N366;-1304,0N368;-1308,0N370;-1312,0N371;-1317,0N375;-1321,0N376;-1325,0N380;-1330,0N382;-1332,0N386;-1335,0N388;-1339,0N392;-1341,0N396;-1343,0N399;-1346,0N403;-1346,0N407;-1347,0N410;-1348,0N413;-1351,0N415;-1348,0N417;-1346,0N421;-1345,0N424;-1345,0N427;-1343,0N429;-1341,0N430;-1338,0N431;-1337,0N433;-1338,0N435;-1337,0N437;-1338,0N438;-1343,0N438;-1346,0N435;-1351,0N432;-1354,0N429;-1359,0N425;-1362,0N421;-1365,0N417;-1370,0N413;-1373,0N410;-1375,0N405;-1378,0N404;-1381,0N399;-1385,0N395;-1387,0N386;-1390,0N378;-1392,0N373;-1385,0N371;-1381,0N365;-1380,0N359;-1381,0N352;-1384,0N345;-1388,0N340;-1391,0N334;-1394,0N327;-1399,0N322;-1403,0N
50278|5|| GPS Helen Errington|43564|||||247;-1384,0N246;-1384,0N245;-1383,0N244;-1382,0N243;-1382,0N242;-1381,0N241;-1380,0N239;-1379,0N237;-1378,0N234;-1379,0N232;-1379,0N229;-1379,0N227;-1379,0N226;-1376,0N225;-1375,0N224;-1374,0N223;-1372,0N221;-1371,0N219;-1369,0N217;-1367,0N215;-1367,0N213;-1367,0N210;-1365,0N208;-1363,0N205;-1361,0N203;-1358,0N201;-1355,0N200;-1352,0N201;-1349,0N203;-1348,0N206;-1346,0N207;-1344,0N208;-1344,0N207;-1344,0N205;-1343,0N202;-1341,0N199;-1341,0N196;-1341,0N194;-1338,0N193;-1335,0N191;-1333,0N189;-1332,0N186;-1331,0N183;-1330,0N180;-1328,0N178;-1329,0N176;-1329,0N174;-1329,0N172;-1330,0N169;-1332,0N166;-1332,0N163;-1333,0N160;-1331,0N158;-1329,0N155;-1327,0N152;-1328,0N148;-1329,0N146;-1332,0N145;-1335,0N145;-1338,0N146;-1341,0N146;-1343,0N146;-1347,0N147;-1348,0N149;-1349,0N151;-1351,0N153;-1352,0N154;-1354,0N152;-1357,0N150;-1359,0N148;-1361,0N146;-1363,0N145;-1362,0N145;-1362,0N146;-1361,0N147;-1358,0N150;-1355,0N152;-1353,0N153;-1350,0N154;-1348,0N154;-1345,0N154;-1343,0N153;-1341,0N153;-1339,0N153;-1338,0N152;-1338,0N151;-1337,0N150;-1337,0N149;-1337,0N147;-1338,0N146;-1339,0N145;-1338,0N143;-1336,0N143;-1334,0N141;-1333,0N140;-1333,0N139;-1333,0N139;-1334,0N139;-1334,0N139;-1334,0N139;-1334,0N142;-1333,0N143;-1333,0N145;-1335,0N145;-1338,0N146;-1341,0N146;-1344,0N146;-1346,0N147;-1349,0N149;-1350,0N151;-1351,0N153;-1351,0N154;-1352,0N156;-1352,0N157;-1353,0N158;-1354,0N158;-1355,0N158;-1356,0N157;-1358,0N157;-1361,0N157;-1363,0N156;-1365,0N155;-1369,0N152;-1372,0N150;-1370,0N148;-1370,0N148;-1369,0N148;-1368,0N148;-1368,0N148;-1367,0N149;-1367,0N150;-1366,0N150;-1365,0N151;-1365,0N152;-1363,0N152;-1362,0N152;-1361,0N152;-1359,0N153;-1356,0N153;-1355,0N154;-1354,0N153;-1352,0N152;-1350,0N152;-1348,0N152;-1346,0N151;-1345,0N150;-1343,0N150;-1340,0N150;-1337,0N150;-1334,0N149;-1331,0N150;-1329,0N150;-1326,0N150;-1323,0N151;-1318,0N150;-1314,0N151;-1309,0N150;-1306,0N150;-1301,0N149;-1297,0N148;-1293,0N146;-1290,0N145;-1285,0N146;-1281,0N146;-1276,0N146;-1273,0N145;-1269,0N144;-1265,0N143;-1262,0N142;-1258,0N140;-1255,0N138;-1251,0N138;-1248,0N139;-1245,0N137;-1242,0N137;-1240,0N137;-1237,0N137;-1235,0N138;-1233,0N138;-1232,0N137;-1230,0N137;-1228,0N137;-1226,0N138;-1225,0N139;-1223,0N142;-1222,0N146;-1222,0N150;-1220,0N153;-1219,0N155;-1218,0N155;-1217,0N154;-1216,0N153;-1216,0N151;-1213,0N150;-1210,0N149;-1207,0N150;-1203,0N149;-1200,0N148;-1196,0N148;-1194,0N148;-1191,0N147;-1188,0N148;-1185,0N149;-1184,0N151;-1184,0N151;-1181,0N151;-1179,0N151;-1177,0N152;-1175,0N152;-1173,0N153;-1171,0N155;-1169,0N156;-1167,0N158;-1165,0N159;-1163,0N160;-1161,0N160;-1159,0N160;-1157,0N161;-1155,0N161;-1153,0N161;-1152,0N161;-1149,0N160;-1147,0N161;-1144,0N160;-1142,0N160;-1140,0N160;-1138,0N162;-1136,0N164;-1134,0N165;-1132,0N167;-1131,0N169;-1129,0N172;-1126,0N174;-1124,0N176;-1122,0N179;-1119,0N183;-1117,0N185;-1116,0N187;-1113,0N187;-1110,0N188;-1107,0N188;-1106,0N190;-1104,0N192;-1102,0N194;-1101,0N195;-1100,0N196;-1099,0N198;-1098,0N198;-1095,0N200;-1093,0N202;-1091,0N204;-1088,0N207;-1087,0N210;-1086,0N212;-1083,0N213;-1080,0N215;-1077,0N215;-1075,0N215;-1072,0N217;-1068,0N218;-1063,0N220;-1059,0N220;-1054,0N219;-1049,0N219;-1044,0N219;-1039,0N217;-1035,0N215;-1032,0N213;-1029,0N211;-1024,0N209;-1020,0N207;-1017,0N206;-1014,0N206;-1012,0N206;-1009,0N205;-1006,0N205;-1002,0N205;-999,0N205;-996,0N205;-991,0N207;-987,0N208;-984,0N209;-980,0N210;-976,0N213;-974,0N215;-971,0N218;-969,0N220;-967,0N221;-965,0N224;-964,0N227;-962,0N231;-959,0N235;-957,0N238;-955,0N240;-951,0N244;-950,0N247;-948,0N251;-948,0N254;-945,0N257;-944,0N261;-943,0N265;-943,0N269;-943,0N274;-944,0N279;-943,0N284;-944,0N288;-944,0N292;-946,0N297;-946,0N302;-946,0N307;-943,0N311;-942,0N316;-941,0N320;-938,0N324;-936,0N328;-935,0N333;-933,0N337;-933,0N340;-931,0N345;-929,0N348;-926,0N351;-924,0N354;-920,0N357;-917,0N360;-914,0N362;-910,0N364;-906,0N365;-903,0N366;-899,0N367;-894,0N368;-889,0N370;-884,0N371;-879,0N373;-874,0N376;-869,0N378;-864,0N380;-861,0N382;-860,0N384;-859,0N386;-859,0N385;-856,0N385;-854,0N387;-852,0N390;-852,0N394;-854,0N398;-855,0N402;-856,0N407;-856,0N411;-855,0N415;-854,0N419;-854,0N421;-853,0N422;-852,0N422;-850,0N425;-847,0N428;-844,0N430;-841,0N432;-838,0N433;-835,0N434;-832,0N434;-828,0N434;-825,0N434;-821,0N434;-817,0N434;-813,0N434;-809,0N434;-804,0N434;-800,0N434;-795,0N434;-791,0N433;-786,0N432;-782,0N431;-778,0N431;-775,0N431;-772,0N431;-768,0N431;-764,0N430;-760,0N429;-756,0N428;-752,0N427;-748,0N426;-744,0N423;-740,0N424;-736,0N426;-733,0N428;-730,0N431;-727,0N432;-723,0N433;-720,0N435;-716,0N437;-712,0N440;-710,0N443;-707,0N444;-703,0N444;-699,0N445;-695,0N448;-692,0N451;-690,0N453;-689,0N456;-687,0N457;-685,0N459;-683,0N459;-681,0N461;-679,0N462;-678,0N464;-677,0N466;-676,0N469;-675,0N472;-673,0N473;-672,0N476;-672,0N479;-672,0N480;-670,0N481;-668,0N483;-667,0N484;-667,0N484;-664,0N484;-660,0N484;-659,0N486;-657,0N489;-657,0N491;-656,0N493;-655,0N495;-655,0N497;-655,0N501;-653,0N503;-652,0N507;-649,0N511;-647,0N514;-647,0N518;-647,0N520;-647,0N522;-646,0N522;-645,0N523;-644,0N525;-643,0N527;-642,0N530;-643,0N533;-642,0N535;-641,0N538;-640,0N541;-639,0N546;-639,0N549;-637,0N552;-636,0N556;-637,0N560;-637,0N563;-636,0N566;-637,0N570;-639,0N572;-638,0N574;-638,0N576;-637,0N578;-636,0N580;-636,0N584;-636,0N585;-635,0N586;-635,0N588;-637,0N590;-638,0N592;-638,0N595;-638,0N596;-638,0N598;-638,0N600;-640,0N602;-641,0N603;-643,0N604;-644,0N606;-645,0N609;-646,0N612;-645,0N614;-645,0N616;-646,0N619;-647,0N621;-648,0N623;-648,0N625;-647,0N627;-647,0N629;-646,0N631;-646,0N633;-647,0N636;-646,0N638;-645,0N641;-644,0N645;-644,0N649;-644,0N653;-645,0N657;-647,0N660;-647,0N664;-649,0N667;-651,0N671;-652,0N674;-652,0N678;-653,0N682;-654,0N685;-654,0N688;-654,0N692;-655,0N695;-655,0N699;-656,0N701;-658,0N703;-661,0N707;-666,0N713;-670,0N718;-674,0N721;-676,0N724;-679,0N726;-683,0N727;-684,0N728;-686,0N731;-686,0N735;-687,0N737;-685,0N740;-683,0N743;-681,0N746;-680,0N749;-679,0N752;-678,0N754;-677,0N754;-675,0N756;-672,0N757;-670,0N760;-668,0N762;-666,0N764;-664,0N767;-662,0N770;-659,0N772;-656,0N774;-654,0N776;-653,0N777;-651,0N779;-649,0N780;-646,0N781;-644,0N780;-642,0N780;-638,0N780;-635,0N781;-632,0N780;-629,0N779;-627,0N778;-625,0N778;-620,0N777;-618,0N778;-617,0N780;-616,0N781;-615,0N783;-615,0N785;-615,0N784;-614,0N782;-614,0N781;-612,0N779;-611,0N777;-609,0N775;-608,0N773;-604,0N770;-603,0N768;-601,0N766;-599,0N764;-597,0N764;-596,0N764;-593,0N764;-590,0N764;-589,0N763;-588,0N762;-586,0N761;-584,0N759;-583,0N757;-581,0N755;-578,0N752;-575,0N749;-573,0N746;-570,0N743;-569,0N740;-567,0N737;-565,0N733;-564,0N730;-564,0N725;-564,0N720;-565,0N715;-565,0N711;-564,0N707;-563,0N702;-562,0N698;-562,0N694;-561,0N690;-561,0N686;-561,0N683;-560,0N678;-562,0N675;-563,0N670;-563,0N665;-564,0N662;-563,0N661;-563,0N661;-564,0N661;-567,0N661;-570,0N661;-574,0N660;-578,0N659;-581,0N658;-584,0N657;-589,0N656;-594,0N655;-600,0N654;-606,0N654;-613,0N653;-617,0N653;-620,0N651;-622,0N651;-626,0N650;-631,0N650;-635,0N649;-639,0N648;-644,0N646;-647,0N646;-651,0N643;-652,0N641;-654,0N639;-657,0N636;-661,0N634;-665,0N631;-668,0N629;-671,0N626;-675,0N624;-678,0N622;-681,0N620;-683,0N620;-686,0N618;-689,0N618;-690,0N618;-694,0N617;-697,0N615;-699,0N615;-702,0N615;-704,0N615;-706,0N615;-708,0N615;-711,0N613;-713,0N611;-716,0N609;-720,0N608;-723,0N606;-725,0N605;-727,0N604;-730,0N603;-732,0N602;-733,0N600;-735,0N598;-737,0N594;-738,0N589;-740,0N587;-741,0N585;-742,0N583;-744,0N580;-744,0N579;-744,0N579;-746,0N580;-747,0N580;-748,0N579;-748,0N581;-748,0N583;-748,0N585;-748,0N588;-749,0N591;-752,0N593;-754,0N596;-757,0N598;-759,0N600;-759,0N602;-761,0N603;-759,0N605;-760,0N608;-761,0N611;-762,0N615;-764,0N618;-766,0N621;-769,0N623;-773,0N625;-775,0N628;-778,0N631;-780,0N634;-782,0N638;-784,0N640;-786,0N643;-787,0N645;-789,0N646;-790,0N648;-791,0N650;-791,0N652;-793,0N655;-795,0N657;-798,0N659;-800,0N662;-802,0N665;-804,0N667;-804,0N669;-805,0N671;-807,0N673;-809,0N674;-813,0N674;-814,0N675;-817,0N675;-821,0N674;-824,0N674;-826,0N676;-827,0N677;-828,0N679;-829,0N681;-830,0N682;-832,0N684;-835,0N686;-836,0N687;-839,0N689;-839,0N691;-840,0N693;-840,0N695;-841,0N697;-841,0N699;-840,0N701;-839,0N703;-839,0N705;-839,0N708;-840,0N709;-842,0N710;-845,0N713;-848,0N715;-850,0N717;-851,0N718;-851,0N720;-852,0N721;-853,0N721;-855,0N723;-857,0N724;-859,0N724;-861,0N725;-863,0N725;-864,0N725;-866,0N726;-869,0N726;-872,0N726;-874,0N727;-876,0N728;-877,0N729;-879,0N730;-880,0N731;-881,0N733;-881,0N735;-883,0N736;-887,0N737;-891,0N737;-895,0N737;-898,0N733;-901,0N731;-905,0N729;-908,0N729;-911,0N729;-915,0N728;-919,0N726;-924,0N723;-927,0N723;-930,0N724;-935,0N725;-937,0N726;-940,0N724;-943,0N723;-945,0N722;-947,0N722;-948,0N722;-951,0N722;-954,0N723;-957,0N724;-960,0N722;-961,0N719;-961,0N716;-964,0N711;-967,0N709;-970,0N707;-975,0N707;-980,0N706;-984,0N702;-988,0N699;-990,0N696;-992,0N692;-994,0N687;-997,0N682;-999,0N677;-1001,0N672;-1002,0N667;-1004,0N661;-1005,0N657;-1006,0N655;-1008,0N654;-1012,0N652;-1016,0N651;-1020,0N647;-1024,0N645;-1027,0N642;-1030,0N640;-1031,0N640;-1034,0N638;-1036,0N636;-1039,0N635;-1042,0N631;-1043,0N628;-1044,0N624;-1046,0N620;-1048,0N618;-1049,0N616;-1050,0N614;-1051,0N611;-1051,0N609;-1052,0N607;-1053,0N605;-1055,0N603;-1058,0N602;-1062,0N599;-1065,0N597;-1068,0N596;-1069,0N595;-1070,0N595;-1072,0N594;-1076,0N595;-1076,0N594;-1078,0N594;-1080,0N594;-1082,0N594;-1085,0N594;-1088,0N592;-1090,0N591;-1092,0N590;-1095,0N587;-1099,0N584;-1103,0N582;-1105,0N579;-1106,0N577;-1107,0N575;-1109,0N574;-1110,0N573;-1111,0N572;-1113,0N571;-1115,0N569;-1115,0N565;-1117,0N561;-1120,0N559;-1119,0N556;-1118,0N555;-1117,0N554;-1117,0N551;-1118,0N548;-1118,0N544;-1120,0N543;-1121,0N541;-1123,0N540;-1125,0N538;-1127,0N537;-1128,0N534;-1129,0N533;-1131,0N531;-1133,0N530;-1134,0N529;-1137,0N527;-1141,0N528;-1145,0N528;-1149,0N528;-1153,0N529;-1157,0N529;-1160,0N530;-1165,0N530;-1167,0N529;-1169,0N528;-1171,0N527;-1173,0N525;-1174,0N521;-1176,0N517;-1178,0N513;-1179,0N509;-1180,0N506;-1181,0N501;-1184,0N497;-1187,0N491;-1189,0N487;-1191,0N482;-1193,0N479;-1194,0N476;-1196,0N472;-1198,0N469;-1200,0N466;-1203,0N464;-1207,0N464;-1209,0N466;-1213,0N467;-1216,0N468;-1221,0N469;-1224,0N472;-1226,0N475;-1229,0N478;-1232,0N480;-1236,0N481;-1240,0N484;-1243,0N485;-1248,0N486;-1253,0N484;-1258,0N483;-1262,0N482;-1267,0N481;-1271,0N479;-1275,0N477;-1280,0N473;-1282,0N469;-1283,0N466;-1285,0N463;-1288,0N459;-1289,0N454;-1292,0N453;-1295,0N454;-1298,0N452;-1303,0N450;-1306,0N447;-1309,0N445;-1313,0N442;-1314,0N438;-1315,0N432;-1316,0N430;-1318,0N428;-1320,0N425;-1321,0N425;-1322,0N424;-1325,0N424;-1328,0N423;-1329,0N422;-1330,0N420;-1329,0N418;-1328,0N416;-1329,0N415;-1330,0N414;-1332,0N411;-1335,0N407;-1336,0N403;-1337,0N403;-1338,0N404;-1340,0N405;-1344,0N407;-1348,0N406;-1352,0N406;-1356,0N407;-1360,0N408;-1364,0N408;-1366,0N410;-1368,0N409;-1370,0N406;-1373,0N403;-1376,0N400;-1380,0N397;-1383,0N394;-1386,0N389;-1385,0N385;-1384,0N381;-1380,0N376;-1378,0N370;-1378,0N363;-1379,0N357;-1380,0N351;-1381,0N346;-1384,0N342;-1388,0N337;-1391,0N333;-1394,0N327;-1397,0N322;-1399,0N
