1|1|Brown| Catmur Edward|44790|3461||57:41|132;334;508;587;744;818;918;993;1137;1280;1400;1577;1652;1807;1921;2074;2338;2400;2466;2557;2722;3000;3119;3275;3342;3429;3461;
2|1|Brown| Crickmore Neil|40578|4059||67:39|139;366;558;656;911;1033;1191;1292;1453;1610;1707;1904;1980;2193;2329;2512;2771;2865;2939;3054;3227;3544;3673;3863;3940;4027;4059;
3|1|Brown| Masson Keith|41302|4107||68:27|143;476;790;874;1134;1211;1328;1403;1541;1687;1820;2023;2097;2246;2367;2522;2789;2882;2952;3075;3263;3577;3706;3891;3969;4065;4107;
4|1|Brown| McCartney Chris|41659|4181||69:41|147;524;720;851;1086;1233;1369;1459;1617;1745;1853;2047;2151;2295;2434;2608;2891;2968;3044;3097;3304;3656;3773;3952;4024;4141;4181;
5|1|Brown| Nixon Paul|42470|4281||71:21|142;432;633;722;949;1224;1359;1436;1580;1708;1861;2070;2152;2274;2432;2693;3006;3071;3147;3197;3388;3774;3904;4081;4154;4242;4281;
6|1|Brown| Errington Simon|36921|4306||71:46|137;367;556;676;866;959;1113;1202;1360;1513;1625;1843;1939;2085;2231;2437;2742;2859;3052;3114;3328;3662;3822;4038;4141;4261;4306;
7|1|Brown| Baker Neville|41542|4455||74:15|180;465;680;794;1011;1099;1230;1316;1492;1630;1724;2054;2139;2290;2464;2660;2965;3040;3123;3297;3561;3879;4024;4222;4312;4413;4455;
8|1|Brown| Gardner William|39318|4561||76:01|185;690;868;994;1225;1371;1524;1616;1769;1912;2001;2214;2310;2449;2609;2799;3111;3209;3293;3403;3608;3978;4134;4344;4429;4524;4561;
9|1|Brown| Todd Paul|39681|4708||78:28|174;552;813;923;1154;1256;1413;1526;1715;1883;1997;2227;2339;2495;2657;2864;3197;3276;3360;3434;3670;4063;4227;4444;4545;4664;4708;
10|1|Brown| Prowting Jim|41159|4714||78:34|193;483;776;898;1132;1246;1409;1513;1713;1900;2062;2320;2414;2590;2737;2929;3230;3329;3419;3497;3742;4126;4266;4464;4559;4673;4714;
11|1|Brown| Adams Mark|35569|4745||79:05|173;604;816;915;1142;1249;1402;1508;1676;1820;1994;2231;2345;2563;2702;2905;3274;3384;3472;3549;3804;4122;4275;4488;4584;4695;4745;
12|1|Brown| Platt Tim|41425|4773||79:33|151;414;688;789;1032;1183;1337;1435;1620;1773;1901;2157;2249;2404;2563;2893;3226;3304;3401;3479;3714;4096;4260;4480;4614;4732;4773;
13|1|Brown| Sharpe Jacob|44679|4852||80:52|181;453;752;906;1153;1256;1399;1500;1671;1814;1956;2173;2272;2425;2613;2845;3162;3261;3361;3534;3825;4211;4346;4584;4700;4810;4852;
14|1|Brown| Gardner Richard|38240|4873||81:13|185;465;704;818;1097;1207;1380;1486;1717;1900;2021;2265;2373;2524;2716;2941;3294;3416;3506;3581;3851;4239;4399;4619;4717;4829;4873;
15|1|Brown| Elkington Barry|42861|4888||81:28|160;586;816;927;1404;1510;1649;1745;1915;2064;2201;2444;2570;2757;2906;3109;3399;3480;3567;3722;3965;4308;4459;4658;4738;4847;4888;
16|1|Brown| Ross Lesley|41778|4956||82:36|210;786;1046;1161;1413;1519;1679;1784;1967;2126;2243;2487;2584;2733;2875;3086;3440;3522;3625;3682;3927;4291;4465;4701;4794;4908;4956;
17|1|Brown| Mace Paul|39560|4963||82:43|170;446;732;840;1057;1162;1324;1425;1644;1816;2130;2346;2455;2618;2769;2981;3303;3399;3486;3562;3866;4264;4418;4674;4791;4913;4963;
18|1|Brown| Turton Simon|38599|4970||82:50|207;482;721;830;1140;1250;1422;1518;1718;1869;2073;2291;2399;2570;2759;2958;3306;3413;3508;3674;3936;4294;4506;4714;4801;4928;4970;
19|1|Brown| Thraves Simon|43353|5029||83:49|286;534;761;886;1227;1317;1502;1595;1840;2017;2257;2463;2566;2714;2849;3050;3383;3479;3578;3712;3933;4276;4529;4744;4877;4984;5029;
20|1|Brown| Collins Mark|40759|5112||85:12|201;701;936;1141;1450;1567;1754;1880;2102;2302;2469;2690;2794;2992;3131;3333;3623;3712;3814;3967;4188;4540;4678;4880;4973;5076;5112;
21|1|Brown| Kippin Simon|42560|5200||86:40|168;465;685;804;1017;1141;1283;1591;1785;1941;2178;2423;2530;2666;2840;3069;3408;3670;3763;3824;4072;4619;4764;4972;5048;5160;5200;
22|1|Brown| Worth John|41596|5338||88:58|199;489;742;862;1169;1321;1489;1702;1911;2113;2288;2618;2741;2896;3065;3264;3617;3697;3789;3857;4144;4615;4800;5041;5158;5288;5338;
23|1|Brown| Oates Paul|39861|5372||89:32|232;511;745;870;1240;1360;1533;1775;1984;2184;2418;2667;2783;2953;3131;3361;3731;3824;3953;4033;4275;4693;4880;5097;5221;5327;5372;
24|1|Brown| Bates Warren|43100|5588||93:08|328;695;901;1012;1215;1304;1508;1607;1825;2010;2519;2720;2928;3055;3208;3399;3744;3873;3980;4264;4493;4882;5043;5289;5409;5543;5588;
25|1|Brown| Butcher Nick|38969|5614||93:34|195;659;930;1090;1414;1542;1711;1823;2041;2202;2340;2622;2728;2904;3115;3337;3770;3879;3980;4056;4541;4956;5110;5362;5460;5571;5614;
26|1|Brown| Hime Martin|36320|5731||95:31|262;501;751;857;1075;1178;1775;1947;2135;2328;2472;2705;2825;2986;3183;3516;3865;3957;4040;4114;4523;4965;5140;5376;5483;5687;5731;
27|1|Brown| Palmer Brian|36383|6026||100:26|204;523;824;962;1230;1374;1614;1734;1935;2154;2397;2647;2750;2917;3127;3447;3913;4067;4172;4406;4636;5096;5502;5754;5859;5976;6026;
28|1|Brown| Heritage Eric|43602|6210||103:30|227;703;1055;1214;1523;1652;1846;1983;2250;2473;2626;2944;3077;3300;3479;3769;4272;4360;4469;4603;4922;5457;5643;5906;6025;6161;6210;
29|1|Brown| Rice Steve|43773|6252||104:12|428;1000;1246;1383;1770;1909;2134;2307;2534;2712;2839;3088;3213;3404;3563;3791;4172;4375;4482;4568;4930;5474;5669;5967;6081;6200;6252;
30|1|Brown| Ward John|37823|6329||105:29|232;571;864;996;1375;1663;1920;2082;2336;2591;2848;3134;3261;3480;3664;3925;4406;4564;4684;4820;5119;5556;5756;6039;6143;6278;6329;
31|1|Brown| Sutton Graham|39501|6374||106:14|219;963;1269;1398;1655;1778;1963;2107;2358;2565;2772;3079;3214;3418;3611;3899;4333;4443;4571;4679;5039;5589;5777;6057;6173;6321;6374;
32|1|Brown| Greenough Paul|38542|6798||113:18|243;571;939;1129;1602;1764;2027;2164;2366;2583;2758;3045;3226;3504;3814;4097;4662;4764;4931;5017;5306;5843;6123;6439;6558;6751;6798;
33|1|Brown| Parkes Kevin|42987|6816||113:36|439;851;1180;1356;1840;1983;2234;2378;2594;2815;3247;3528;3657;3888;4105;4355;4873;4968;5064;5209;5586;6088;6264;6524;6635;6767;6816;
34|1|Brown| Hearn Paul|37043|7095||118:15|258;553;954;1090;1465;1678;2045;2317;2536;2772;3223;3475;3594;3760;4001;4304;4732;4895;5035;5403;5710;6321;6532;6826;6932;7045;7095;
35|1|Brown| Poole Christopher|36506|7634||127:14|237;754;1049;1214;1642;1802;2020;2177;2471;2691;2966;3256;3409;3793;4125;4416;4941;5314;5430;5564;5886;6446;6637;6948;7438;7583;7634;
36|1|Brown| Moore Jon|41365|8010||133:30|285;806;1182;1440;1815;2037;2334;2526;2804;3080;3379;3784;3945;4204;4501;4839;5424;5587;5764;5865;6318;6917;7155;7556;7712;7927;8010;
37|1|Brown| McElearney Barry|40820|8383||139:43|329;590;930;1172;1722;1833;2013;2114;2495;2667;2801;3186;3331;3740;3973;4377;4756;5174;5290;5393;5685;6186;7679;8011;8101;8322;8383;
38|1|Brown| White Michael|37522|8847||147:27|315;781;1195;1557;2100;2307;2639;2835;3201;3593;3804;4199;4409;4710;4946;5287;6010;6209;6406;6532;7038;7701;7975;8379;8544;8775;8847;
39|1|Brown| Wickham Ken|36442|9766||162:46|349;809;1339;1682;2069;2360;2668;2867;3423;3702;3867;4294;4534;4799;5050;5436;6162;6426;6606;6944;7339;8457;8772;9285;9485;9686;9766;
40|2|Blue| Bryant Bruce|40100|3042||50:42|147;369;460;626;790;946;1042;1129;1315;1511;1687;1798;1900;2240;2335;2401;2647;2807;2904;3000;3042;
41|2|Blue| Jarvis Julia|41061|3221||53:41|147;375;479;627;813;996;1098;1189;1356;1551;1792;1912;2048;2381;2480;2578;2794;2971;3064;3175;3221;
42|2|Blue| Cooper Ian|42419|3325||55:25|160;366;480;621;852;1003;1096;1178;1368;1580;1782;1892;2027;2406;2510;2581;2880;3060;3167;3282;3325;
43|2|Blue| Chappell John|36380|3488||58:08|169;458;564;763;933;1081;1196;1309;1494;1725;1909;2036;2202;2567;2679;2769;3034;3207;3310;3433;3488;
44|2|Blue| Cummings Andrew|43219|3495||58:15|187;405;524;688;871;1061;1166;1256;1438;1786;2040;2163;2293;2628;2748;2818;3050;3233;3332;3447;3495;
45|2|Blue| Minty Duncan|43854|3580||59:40|213;468;577;738;906;1080;1187;1291;1483;1692;1900;2037;2150;2538;2657;2748;3043;3290;3410;3525;3580;
46|2|Blue| Roper Vince|43632|3627||60:27|147;710;804;956;1149;1308;1468;1566;1734;1920;2133;2262;2392;2764;2885;2953;3203;3380;3477;3584;3627;
47|2|Blue| Kensett Martin|37403|3685||61:25|150;534;664;890;1057;1239;1355;1473;1650;1866;2116;2235;2426;2771;2871;2942;3215;3429;3528;3641;3685;
48|2|Blue| Phillips Liz|40400|3741||62:21|191;446;565;745;961;1152;1271;1384;1569;1831;2064;2187;2349;2727;2870;2958;3221;3455;3570;3693;3741;
49|2|Blue| Perry Graham|37339|3823||63:43|196;523;659;844;1105;1322;1434;1552;1748;2024;2230;2359;2536;2884;3009;3092;3330;3517;3618;3767;3823;
50|2|Blue| Langston Paul|39561|3857||64:17|183;424;528;820;1009;1244;1351;1466;1691;1934;2189;2304;2451;2837;2942;3033;3355;3545;3648;3807;3857;
51|2|Blue| Murphy Tom|39316|3886||64:46|155;694;794;937;1123;1300;1441;1539;1750;1980;2181;2300;2436;2779;2882;3225;3457;3644;3737;3845;3886;
52|2|Blue| Marsh David|39503|3931||65:31|209;496;603;883;1085;1318;1444;1611;1784;2010;2241;2378;2597;2963;3073;3243;3462;3654;3752;3890;3931;
53|2|Blue| Cleary Ronan|44061|3935||65:35|142;383;477;624;804;1037;1115;1208;1417;1655;1896;2612;2746;3085;3173;3294;3509;3684;3765;3887;3935;
54|2|Blue| Southwood Andrew|39443|3958||65:58|159;378;497;670;882;1052;1158;1264;1463;1691;1934;2069;2324;2704;2816;2989;3382;3623;3751;3911;3958;
55|2|Blue| Gristwood Philip|40340|3968||66:08|166;722;834;985;1154;1326;1431;1558;1766;2019;2287;2523;2663;3023;3144;3215;3493;3689;3800;3913;3968;
56|2|Blue| Averill David|40705|4005||66:45|147;367;460;613;770;938;1019;1110;1284;1553;1750;1862;2526;2861;2953;3191;3405;3767;3848;3972;4005;
57|2|Blue| Leaf Adam|36682|4013||66:53|151;604;705;956;1189;1364;1499;1659;1855;2077;2324;2456;2629;3020;3133;3242;3515;3699;3835;3966;4013;
58|2|Blue| Elliot Mike|43940|4087||68:07|178;494;663;850;1062;1284;1413;1534;1744;2010;2258;2418;2589;3004;3137;3240;3558;3779;3896;4033;4087;
59|2|Blue| Griffiths John|38777|4094||68:14|191;747;876;1093;1335;1526;1637;1741;1916;2156;2433;2570;2721;3095;3202;3290;3569;3811;3912;4052;4094;
60|2|Blue| Spence Charles|40040|4104||68:24|160;574;675;830;1022;1235;1352;1478;1665;1905;2152;2304;2638;3052;3167;3328;3594;3835;3944;4058;4104;
61|2|Blue| Heale David|42017|4156||69:16|230;464;582;770;1058;1261;1385;1547;1726;1988;2246;2394;2753;3143;3257;3376;3677;3858;4006;4115;4156;
62|2|Blue| Smith Mick|44302|4178||69:38|182;1019;1127;1278;1554;1749;1852;1957;2098;2271;2458;2579;2700;3051;3145;3301;3574;3767;4010;4147;4178;
63|2|Blue| Challacombe Alwyn|38243|4196||69:56|186;758;873;1056;1276;1483;1586;1697;1913;2088;2281;2407;2525;3332;3431;3549;3802;3946;4030;4152;4196;
64|2|Blue| Rushmer Paul|39383|4305||71:45|145;667;768;1067;1304;1495;1597;1715;1920;2122;2369;2494;2794;3215;3322;3406;3753;3974;4090;4237;4305;
65|2|Blue| Hudson Stephen|40457|4329||72:09|242;480;673;855;1041;1357;1468;1615;1798;2067;2300;2459;2854;3354;3463;3555;3844;4069;4173;4289;4329;
66|2|Blue| Burden Chris|40879|4355||72:35|217;635;762;1054;1320;1552;1659;1788;1995;2270;2539;2688;2837;3256;3372;3509;3763;3996;4140;4285;4355;
67|2|Blue| Payne Keith|36503|4357||72:37|186;747;903;1164;1403;1586;1719;1878;2077;2321;2564;2702;2920;3305;3428;3524;3782;4055;4169;4294;4357;
68|2|Blue| Ellis Thomas|36322|4376||72:56|174;596;701;889;1419;1570;1688;1782;1946;2596;2825;2945;3044;3391;3497;3611;3865;4073;4199;4329;4376;
69|2|Blue| Narramore Peter|36561|4407||73:27|266;605;762;960;1213;1427;1616;1751;1974;2238;2448;2582;2754;3334;3493;3633;3908;4133;4238;4359;4407;
70|2|Blue| Hanson Gillian|42118|4415||73:35|208;513;639;868;1156;1360;1559;1705;1979;2240;2496;2655;2813;3297;3438;3544;3843;4052;4171;4354;4415;
71|2|Blue| Poole Simon|36625|4446||74:06|211;549;660;918;1230;1453;1594;1729;1921;2193;2420;2571;2715;3188;3319;3415;3727;4072;4222;4400;4446;
72|2|Blue| Bennett Mike|36923|4451||74:11|281;1004;1220;1389;1546;1715;1819;1939;2109;2469;2657;2770;2933;3278;3374;3438;3808;4102;4279;4407;4451;
73|2|Blue| Walker Roger|38421|4454||74:14|172;588;747;1187;1426;1613;1755;1902;2101;2464;2668;2810;2953;3469;3579;3681;3947;4179;4292;4409;4454;
74|2|Blue| Hansen Dorte Torpe|38662|4489||74:49|252;731;871;1094;1447;1671;1792;1921;2129;2408;2666;2800;2976;3390;3508;3666;3970;4194;4302;4430;4489;
75|2|Blue| Ricketts Ken|36442|4517||75:17|185;461;621;1001;1197;1420;1527;1633;1807;2506;2753;2882;3022;3408;3524;3602;3850;4072;4253;4466;4517;
76|2|Blue| Beresford Bob|37523|4591||76:31|261;711;839;1059;1306;1500;1620;1713;1922;2177;2449;2608;3005;3433;3575;3653;4080;4273;4401;4533;4591;
77|2|Blue| Riches Peter|37827|4638||77:18|249;557;687;940;1219;1471;1623;1759;1992;2286;2552;2737;2960;3515;3653;3741;4086;4323;4451;4585;4638;
78|2|Blue| Taylor-Keane Charles|40640|4721||78:41|187;546;653;868;1112;1338;1461;1582;1800;2146;2372;2526;2841;3429;3573;3667;4113;4328;4451;4674;4721;
79|2|Blue| Breed Barry|37760|4737||78:57|201;512;682;1082;1319;1579;1714;1862;2108;2382;2657;2826;3058;3560;3707;3833;4149;4400;4528;4675;4737;
80|2|Blue| Deeks Simon|37643|4749||79:09|154;688;995;1136;1308;1467;1606;1700;1877;2060;2355;2481;3115;3930;4028;4156;4366;4518;4597;4706;4749;
81|2|Blue| Bouch Steve|40520|4850||80:50|216;501;623;824;1060;1331;1481;1607;1830;2363;2647;2832;3152;3621;3755;3864;4174;4437;4574;4785;4850;
82|2|Blue| Hudson Ian|38598|4872||81:12|216;521;672;948;1258;1555;1735;1893;2149;2487;2771;2941;3120;3697;3841;3932;4293;4535;4672;4812;4872;
83|2|Blue| Schofield Antony|41241|4962||82:42|210;519;652;818;1067;1339;1491;1689;1895;2238;2492;2645;3173;3721;3848;4105;4462;4649;4778;4914;4962;
84|2|Blue| Wood Stuart|39681|5020||83:40|189;791;884;1043;1243;1440;1538;1637;1859;2092;2301;3233;3441;3936;4054;4178;4472;4730;4843;4965;5020;
85|2|Blue| Leaker Haydn|40227|5127||85:27|201;843;944;1115;1295;1455;1591;1814;1982;2217;3123;3247;3441;3968;4055;4166;4406;4606;4882;5089;5127;
86|2|Blue| Wesston Richard|43821|5177||86:17|275;640;777;985;1266;1546;1744;1886;2141;2522;2849;3015;3211;3749;3924;4078;4444;4737;4938;5104;5177;
87|2|Blue| Ross Kevin|38967|5189||86:29|200;1072;1198;1498;1851;2280;2415;2572;2818;3080;3375;3548;3735;4181;4305;4397;4669;4916;5013;5145;5189;
88|2|Blue| Smith Ian|38125|5588||93:08|243;1456;1577;1761;1999;2246;2387;2517;2760;3017;3337;3485;3891;4374;4513;4608;4872;5203;5365;5528;5588;
89|2|Blue| Bates Lisa|36861|5605||93:25|1297;1587;1716;1985;2230;2538;2666;2776;2985;3230;3445;3712;3903;4457;4576;4713;5003;5222;5438;5555;5605;
90|2|Blue| Greaves Toby|41119|5655||94:15|251;502;636;1046;1274;1650;1752;1927;2189;2575;2864;3197;3360;4468;4582;4654;4941;5276;5490;5612;5655;
91|2|Blue| Bouch Debb|40282|5787||96:27|219;509;659;887;1210;1552;1750;1894;2175;2479;2736;2913;3321;3906;4077;4229;4867;5401;5571;5724;5787;
92|2|Blue| Fischer Marie-Anne|41545|6460||107:40|580;1103;1248;1950;2196;2441;2568;2817;3050;3424;3742;3890;4059;4567;4789;4967;5298;5922;6057;6414;6460;
93|2|Blue| Edwards Rachel|40582|6506||108:26|287;1592;1700;2127;2869;3092;3196;3326;3522;3805;4016;4486;4650;5092;5203;5280;5626;5955;6116;6472;6506;
94|2|Blue| Parkes Penny|44425|7697||128:17|301;1546;1706;2185;2490;2997;3150;3344;3766;4173;4585;4779;5141;5795;5981;6366;6806;7246;7415;7626;7697;
95|2|Blue| Parrott S Lee + C|38063|11482||191:22|811;2084;2369;2887;3407;3820;4033;4251;4669;5137;5682;5945;6997;8059;8434;8875;9591;10086;10999;11386;11482;
96|2|Blue| Taylor Bryn|44182|3919||65:19|3919;
97|2|Blue| Webster Colin|37581|3941||65:41|205;634;765;986;1159;1374;1472;1585;1790;2010;2274;2392;2550;3006;3133;3217;3450;3661;3941;
98|2|Blue| Elliott Andy|39623|4877||81:17|245;655;780;1030;1269;1486;1629;1756;1945;2475;2738;2890;3171;3721;3836;3929;4245;4520;4666;4877;
99|3|Green| Crickmore Jonathan|39739|1542||25:42|124;289;444;521;791;975;1038;1173;1272;1367;1512;1542;
100|3|Green| Young Chris|41000|1892||31:32|113;345;547;641;950;1263;1319;1473;1584;1717;1860;1892;
101|3|Green| Elkington Matthew|38120|2099||34:59|147;394;624;727;1089;1339;1438;1604;1760;1888;2064;2099;
102|3|Green| Gostick Neil|45755|2367||39:27|230;508;743;860;1229;1491;1574;1776;1932;2073;2318;2367;
103|3|Green| Collins Rachel|44959|2483||41:23|143;481;707;834;1236;1605;1691;1915;2101;2246;2448;2483;
104|3|Green| Thraves Lucy|44557|2528||42:08|161;585;848;958;1399;1665;1744;1929;2110;2296;2489;2528;
105|3|Green| Dalton Christopher|38300|2615||43:35|177;402;694;832;1296;1598;1713;1935;2115;2287;2571;2615;
106|3|Green| Harding Bryony|38661|2714||45:14|242;481;759;897;1301;1610;1692;1899;2186;2370;2671;2714;
107|3|Green| Parkes Laura|36622|2721||45:21|204;463;880;1014;1458;1766;1873;2098;2259;2426;2675;2721;
108|3|Green| Calderbank Hedley|36202|2741||45:41|184;451;790;924;1353;1680;1823;2057;2247;2430;2682;2741;
109|3|Green| Errington Helen|43822|2840||47:20|197;625;916;1044;1451;1782;1922;2142;2372;2523;2789;2840;
110|3|Green| Mercer Derick|38064|2847||47:27|292;621;901;1081;1516;1829;1955;2176;2367;2547;2801;2847;
111|3|Green| Steptoe Richard|36802|2878||47:58|215;494;867;1007;1485;1803;1943;2165;2371;2577;2817;2878;
112|3|Green| Averill James|39021|2929||48:49|176;643;945;1091;1523;1921;2032;2300;2468;2629;2895;2929;
113|3|Green| Challacombe Val|38361|2995||49:55|229;622;972;1113;1619;1927;2068;2298;2478;2693;2938;2995;
114|3|Green| Greaves Faye|41119|3005||50:05|274;512;785;1051;1579;1881;1986;2254;2535;2719;2964;3005;
115|3|Green| Jenner Derek|36741|3207||53:27|214;504;835;1002;1527;1886;1993;2263;2484;2846;3130;3207;
116|3|Green| Leitch Claire|40941|3258||54:18|178;523;796;953;1447;2002;2126;2388;2711;2966;3206;3258;
117|3|Green| Convery Maire|37221|3266||54:26|219;726;1120;1278;1781;2168;2302;2577;2776;2963;3213;3266;
118|3|Green| Lambert Christopher|39563|3302||55:02|134;426;763;873;1318;1742;1817;2038;2405;2984;3269;3302;
119|3|Green| Richardson Janet|41306|3328||55:28|224;536;920;1141;1737;2083;2242;2515;2757;2972;3263;3328;
120|3|Green| Cleary Julie|43942|3354||55:54|259;581;1117;1262;1742;2261;2355;2618;2810;2990;3302;3354;
121|3|Green| Foster Stan|37581|3361||56:01|188;767;1101;1253;1692;2321;2442;2656;2837;3017;3306;3361;
122|3|Green| Godbold Colin|36563|3390||56:30|306;625;1001;1176;1686;2055;2194;2457;2669;3005;3334;3390;
123|3|Green| Liley Norman|36383|3392||56:32|192;452;869;1043;1546;2137;2251;2506;2753;3047;3339;3392;
124|3|Green| Hailey Roger|39622|3476||57:56|233;650;986;1269;1707;2051;2551;2776;2975;3164;3408;3476;
125|3|Green| Baker Tony|37045|3486||58:06|214;534;855;1034;1633;2348;2491;2756;2962;3144;3417;3486;
126|3|Green| Baldwin Roberta|36684|3489||58:09|231;543;899;1063;1797;2232;2399;2697;2948;3166;3426;3489;
127|3|Green| Lines Clare|40402|3497||58:17|220;519;860;1056;1660;2038;2345;2616;2828;3104;3447;3497;
128|3|Green| Lye Craig|37100|3501||58:21|198;842;1224;1383;1757;2366;2464;2651;3041;3209;3456;3501;
129|3|Green| Hearn Danny|37701|3506||58:26|275;588;993;1164;1722;2072;2314;2550;2814;3181;3423;3506;
130|3|Green| McMillan Araba|40286|3519||58:39|192;731;1114;1288;1849;2319;2473;2744;2977;3181;3460;3519;
131|3|Green| Gostick Jenny|40701|3545||59:05|286;753;1051;1213;1748;2221;2364;2653;3049;3250;3489;3545;
132|3|Green| Chalmers Andrew|40643|3605||60:05|213;558;918;1095;1785;2304;2435;2770;3105;3312;3553;3605;
133|3|Green| Baldwin Richard|36502|3664||61:04|239;695;1058;1240;1825;2282;2504;2802;3065;3310;3592;3664;
134|3|Green| Fletcher Steve|36322|3696||61:36|206;570;934;1092;1754;2287;2453;2687;2911;3351;3636;3696;
135|3|Green| Beresford Pattie|37525|3712||61:52|251;843;1197;1492;2035;2384;2526;2813;3135;3381;3654;3712;
136|3|Green| Stobart Chris|37461|3719||61:59|472;929;1191;1389;1780;2055;2257;2632;3048;3424;3654;3719;
137|3|Green| Todd Clare|39683|3736||62:16|223;556;937;1203;1727;2165;2453;2720;2934;3365;3655;3736;
138|3|Green| Tookey Dave|35349|3860||64:20|253;675;980;1125;1604;2138;2396;2650;3199;3441;3801;3860;
139|3|Green| Arnold Phil|36983|3871||64:31|379;815;1436;1641;2099;2580;2754;3055;3270;3521;3828;3871;
140|3|Green| Hodson Yvonne|41549|3969||66:09|237;575;961;1174;1830;2502;2706;3023;3299;3577;3899;3969;
141|3|Green| Figg Dawn|41362|3974||66:14|203;1280;1588;1802;2302;2681;2845;3084;3330;3607;3925;3974;
142|3|Green| Breed Jane|37765|4015||66:55|271;657;1079;1279;1986;2443;2606;2938;3213;3486;3928;4015;
143|3|Green| Trettin Svenja|40761|4046||67:26|252;723;1122;1479;1913;2264;2458;2748;3399;3614;3995;4046;
144|3|Green| Last John|38422|4047||67:27|229;568;1084;1304;1944;2538;2701;3004;3303;3674;3984;4047;
145|3|Green| Salmon Mark|38181|4070||67:50|426;850;1169;1314;1803;2496;2740;2988;3189;3356;4018;4070;
146|3|Green| Shaw Rosie|36861|4076||67:56|364;702;1109;1290;1921;2686;2861;3132;3412;3640;4002;4076;
147|3|Green| Phillips David|41486|4104||68:24|202;1153;1652;2010;2551;2898;3029;3276;3487;3741;4049;4104;
148|3|Green| Marsh Penny|39201|4135||68:55|275;1301;1599;1802;2368;2724;2859;3101;3491;3732;4068;4135;
149|3|Green| Hardy John|41781|4401||73:21|304;922;1275;1461;2137;2580;2754;3064;3434;4054;4334;4401;
150|3|Green| Goldingay Frances|44033|4417||73:37|296;1094;1503;1792;2505;2916;3132;3434;3713;3989;4338;4417;
151|3|Green| Everitt Ken|36921|4418||73:38|223;1011;1400;1573;2109;2597;2818;3222;3596;3993;4360;4418;
152|3|Green| Oakley Kennith|40461|4823||80:23|244;549;890;1522;2110;2885;3090;3337;3701;4284;4762;4823;
153|3|Green| Cheesewright Bob|39980|5562||92:42|299;1627;2295;2536;3252;3747;3911;4292;4703;5012;5475;5562;
154|3|Green| Smith Adam|37645|5712||95:12|305;698;1097;1313;1933;2469;3278;4475;4732;5303;5643;5712;
155|3|Green| Parry Glyn|36142|5824||97:04|247;954;1504;1723;2356;3350;3659;3970;4418;4796;5747;5824;
156|3|Green| Evans John|38241|6705||111:45|361;774;1814;2253;2870;3206;3665;3952;4191;6401;6646;6705;
157|3|Green| Short Cliff|42080|7388||123:08|258;642;1102;1318;1853;4574;5601;6256;6625;7008;7298;7388;
158|3|Green| Hamer Ben|37280|1000||16:40|1000;1527;2058;2459;
159|3|Green| Wilson Ian|36444|2920||48:40|281;738;1212;1474;2920;
160|3|Green| Newman Carl|39078|6684||111:24|1063;1418;1731;1943;2450;2915;3040;3391;6684;
161|3|Green| Dew Richard|38960|7242||120:42|7242;
162|4|Short Green| Billing Wendy|39865|1990||33:10|150;514;699;820;882;1116;1216;1514;1700;1805;1936;1990;
163|4|Short Green| Howell David|37042|2814||46:54|182;844;1044;1164;1261;1581;1733;2166;2448;2583;2761;2814;
164|4|Short Green| Spence John|36382|2973||49:33|219;737;996;1139;1216;1577;1780;2176;2419;2696;2911;2973;
165|4|Short Green| Collins Julie|41003|3259||54:19|222;720;1036;1169;1531;1887;2173;2656;2891;3001;3207;3259;
166|4|Short Green| West Rosalind|36624|3557||59:17|276;782;1079;1271;1568;1908;2146;2596;2997;3281;3474;3557;
167|4|Short Green| Smith Frank|41312|3582||59:42|288;788;1155;1353;1494;1892;2097;2757;3045;3255;3481;3582;
168|4|Short Green| Molloy Michael|42751|3626||60:26|190;671;950;1084;1142;1479;1653;2722;2998;3128;3551;3626;
169|4|Short Green| Watkins Brian|39983|3798||63:18|262;903;1213;1402;1811;2208;2454;2999;3322;3482;3706;3798;
170|4|Short Green| Clough Fiona|38062|3817||63:37|237;738;988;1174;1327;1642;1812;2345;3351;3548;3755;3817;
171|4|Short Green| Egan Sam|40943|3865||64:25|339;997;1433;1608;1692;2100;2322;2908;3251;3491;3825;3865;
172|4|Short Green| Chalmers Elizabeth|40578|4001||66:41|279;969;1340;1530;1625;2049;2457;2989;3324;3577;3918;4001;
173|4|Short Green| O'Hara Patrick|42495|4596||76:36|400;1290;1613;1847;1972;2478;2728;3386;4030;4263;4549;4596;
174|4|Short Green| Cruickshank Darrell|36561|4680||78:00|388;1268;1676;1937;2087;2620;2892;3589;4089;4321;4591;4680;
175|4|Short Green| Hall Susie|44229|5186||86:26|309;1068;1452;1679;1794;2351;2750;5186;
176|4|Short Green| Rice Stewart|43582|6243||104:03|1188;2196;3359;3573;3678;6243;
177|5|Light Green| Lines Alexander|40520|1591||26:31|146;298;508;655;762;862;1031;1175;1349;1453;1554;1591;
178|5|Light Green| Jarvis Nicholas|41000|1607||26:47|113;278;479;632;721;821;970;1186;1343;1457;1563;1607;
179|5|Light Green| Lines Robert|40159|1668||27:48|138;287;503;675;776;881;1033;1197;1357;1479;1625;1668;
180|5|Light Green| Masson Shona|40341|1742||29:02|164;312;538;685;789;894;1063;1271;1417;1572;1692;1742;
181|5|Light Green| Young Becky|40940|1913||31:53|198;350;555;735;840;967;1160;1459;1640;1766;1873;1913;
182|5|Light Green| Leaf Miranda|36501|2033||33:53|160;364;647;837;958;1083;1328;1542;1721;1862;1989;2033;
183|5|Light Green| Elkington Melanie|37822|2595||43:15|222;462;877;1122;1265;1395;1661;1930;2187;2379;2527;2595;
184|5|Light Green| Charlton Debbie|42786|2737||45:37|205;764;1041;1301;1438;1600;1881;2132;2343;2513;2678;2737;
185|5|Light Green| Lionel Valin|43164|3020||50:20|501;691;1008;1200;1296;1506;1753;2037;2668;2839;2975;3020;
186|5|Light Green| Guest Holly|42931|3135||52:15|267;604;919;1183;1309;1496;1870;2251;2746;2928;3070;3135;
187|5|Light Green| Dalton Alexander|38658|3229||53:49|252;540;927;1380;1586;1791;2114;2393;2751;2947;3178;3229;
188|5|Light Green| Minshall Luke|42305|3397||56:37|572;824;1249;1518;1671;1792;2014;2509;2847;3084;3315;3397;
189|5|Light Green| Oakley Charlie|39921|3541||59:01|255;484;942;1247;1436;1833;2195;2465;3032;3340;3505;3541;
190|5|Light Green| Potter Bernard|36926|3573||59:33|252;586;1158;1516;1723;1926;2305;2695;3074;3285;3493;3573;
191|5|Light Green| Matthews Lois|36801|3605||60:05|570;872;1308;1625;1778;1950;2269;2819;3176;3376;3545;3605;
192|5|Light Green| Oakley James|39800|3678||61:18|252;609;1074;1367;1559;1958;2324;2588;3156;3463;3626;3678;
193|5|Light Green| Ross Tom|40280|3782||63:02|188;595;1259;1551;1758;1964;2299;2568;3109;3428;3750;3782;
194|5|Light Green| Elkington Stephen|40282|3785||63:05|181;592;1260;1547;1752;1936;2304;2570;3109;3428;3751;3785;
195|5|Light Green| Dalton Davina|38185|3931||65:31|375;712;1272;1643;1888;2074;2441;2914;3262;3591;3845;3931;
196|5|Light Green| Hudson Nicky|40461|3953||65:53|313;645;1063;1430;1639;1839;2399;2786;3119;3684;3899;3953;
197|5|Light Green| Harrison James|37281|4049||67:29|178;403;699;949;1053;1227;2026;3239;3612;3774;4002;4049;
198|5|Light Green| Kipan Louisa|37641|4129||68:49|405;646;1357;1729;1912;2554;2883;3282;3613;3850;4063;4129;
199|5|Light Green| Kay Bob|41850|4173||69:33|349;748;1221;1606;1834;2054;2453;2829;3220;3555;4049;4173;
200|5|Light Green| Baker Doug|37157|4383||73:03|337;784;1345;1860;2101;2340;2768;3122;3646;3971;4269;4383;
201|5|Light Green| Mackay Angus|39200|5097||84:57|263;420;644;820;916;1033;3810;4018;4263;4933;5054;5097;
202|5|Light Green| Coles Sylvia|40824|5540||92:20|361;710;1226;1712;1904;2150;2513;3733;4180;4768;5470;5540;
203|5|Light Green| Dace Tom|37103|6134||102:14|1409;1994;3723;3954;4098;4248;4569;4808;5530;5970;6083;6134;
204|5|Light Green| White Jane|37702|6259||104:19|361;871;1807;2533;2832;3093;3498;3962;5150;5497;6168;6259;
205|5|Light Green| Kennington Juliet|39020|7563||126:03|671;1331;2279;3005;3302;4425;4971;5541;6676;7146;7399;7563;
206|5|Light Green| Kennington Isaac|38962|7618||126:58|726;1376;2332;3059;3367;4497;5045;5603;6772;7199;7450;7618;
207|6|Orange| Leitch Matthew|40822|1227||20:27|155;304;426;595;700;790;939;1022;1091;1227;
208|6|Orange| Lines Edward|39138|1245||20:45|145;322;443;627;745;801;978;1065;1145;1245;
209|6|Orange| Marsh Euan|39318|1261||21:01|148;312;433;657;777;829;976;1062;1145;1261;
210|6|Orange| Lils Kira|38899|1335||22:15|177;347;477;689;807;897;1052;1133;1210;1335;
211|6|Orange| Oakley Sam|39799|1354||22:34|217;377;488;709;812;891;1067;1158;1231;1354;
212|6|Orange| Young Robert|40704|1359||22:39|168;341;495;713;837;905;1075;1166;1227;1359;
213|6|Orange| Marsh Kieran|40399|1427||23:47|185;384;530;743;880;968;1136;1231;1317;1427;
214|6|Orange| Woodford Michael|38478|1477||24:37|164;433;540;749;865;939;1099;1217;1327;1477;
215|6|Orange| Errington James|38242|1609||26:49|167;418;541;726;1018;1126;1297;1399;1473;1609;
216|6|Orange| Hailey Diana|39683|1665||27:45|201;403;550;785;913;1015;1296;1411;1504;1665;
217|6|Orange| Fielding Samuel|40223|1692||28:12|163;349;479;699;820;935;1104;1483;1552;1692;
218|6|Orange| Exact Rachel|39621|1722||28:42|251;492;640;871;1001;1111;1390;1502;1583;1722;
219|6|Orange| Mackay Lorna|39500|1729||28:49|269;474;636;888;1045;1151;1351;1452;1548;1729;
220|6|Orange| Exact Mathew|39441|1761||29:21|321;527;659;913;1062;1259;1434;1527;1629;1761;
221|6|Orange| Clark Steve|38540|1845||30:45|333;518;650;882;1170;1271;1433;1544;1651;1845;
222|6|Orange| Rutlin Efea|39380|1909||31:49|230;530;706;990;1170;1283;1497;1620;1741;1909;
223|6|Orange| Campbell Isobel|42662|1937||32:17|194;422;564;856;1029;1164;1585;1683;1759;1937;
224|6|Orange| Hearn Matthew|37041|1987||33:07|201;409;645;956;1147;1307;1509;1645;1774;1987;
225|6|Orange| Halling Thomas|38777|2277||37:57|193;392;537;1145;1279;1428;1813;1903;2029;2277;
226|6|Orange| Griffiths Serena|38728|2484||41:24|238;425;577;1475;1679;1959;2140;2290;2362;2484;
227|6|Orange| Brooks Tom|37283|2561||42:41|270;530;701;967;1972;2132;2268;2347;2425;2561;
228|6|Orange| Rutlin Kai|39260|2664||44:24|370;685;957;1281;1546;1811;2127;2330;2516;2664;
229|6|Orange| Snelling Grant|39742|3016||50:16|294;1086;1352;1780;2013;2253;2607;2729;2819;3016;
230|6|Orange| Hodgson James|37464|3382||56:22|539;1425;1585;2049;2642;2783;3034;3130;3230;3382;
231|6|Orange| Kay James|41486|2183||36:23|341;608;802;1074;1236;2183;
232|6|Orange| Hunt Brian|36386|2922||48:42|2922;
233|7|Yellow| Leitch Jack|40880|953||15:53|51;76;203;392;543;698;824;911;953;
234|7|Yellow| Marsh Liam|39442|976||16:16|56;88;193;390;554;710;839;941;976;
235|7|Yellow| Woodford Jamie|38480|1000||16:40|57;79;187;379;563;707;844;954;1000;
236|7|Yellow| Jarvis Thomas|41060|1034||17:14|58;81;201;384;562;797;912;999;1034;
237|7|Yellow| Averill Mathew|38549|1045||17:25|72;101;227;420;596;764;911;1006;1045;
238|7|Yellow| Lils Craig|36636|1058||17:38|67;93;209;415;576;748;895;1004;1058;
239|7|Yellow| Mackay Alice|39320|1106||18:26|56;86;195;370;535;860;981;1073;1106;
240|7|Yellow| Kensett Henry|37401|1150||19:10|80;112;240;425;593;760;904;1103;1150;
241|7|Yellow| Rayden Hannah|36740|1235||20:35|60;103;295;535;689;905;1055;1161;1235;
242|7|Yellow| O'Higgins James|38243|1263||21:03|70;101;222;484;728;940;1098;1219;1263;
243|7|Yellow| Figg Daniel|41362|1290||21:30|65;112;246;492;668;867;1036;1250;1290;
244|7|Yellow| Taylor-Platt Nia|41423|1293||21:33|67;100;214;442;626;874;1039;1241;1293;
245|7|Yellow| Lils Shauna|36321|1309||21:49|206;233;520;699;872;1015;1161;1256;1309;
246|7|Yellow| O'Hara Adam|40038|1313||21:53|64;87;223;458;682;875;1048;1242;1313;
247|7|Yellow| Snelling Craig|39741|1356||22:36|51;76;244;514;725;1024;1202;1309;1356;
248|7|Yellow| Halling Mathew|38902|1360||22:40|72;116;252;506;748;947;1179;1305;1360;
249|7|Yellow| Kippin Bethany|38122|1389||23:09|73;102;213;444;622;1075;1229;1342;1389;
250|7|Yellow| Gostick Gemma|39624|1470||24:30|82;118;288;579;822;1078;1278;1423;1470;
251|7|Yellow| Molloy Helen|43464|1482||24:42|83;113;263;546;760;1089;1263;1400;1482;
252|7|Yellow| Horne H Clark + G|38721|1542||25:42|79;111;423;700;916;1129;1325;1466;1542;
253|7|Yellow| Molloy Chris|42865|1617||26:57|66;91;241;520;768;1026;1239;1323;1617;
254|7|Yellow| Errington Peter|37762|1620||27:00|87;114;261;528;788;1097;1309;1471;1620;
255|7|Yellow| Adcock Teigan|36510|1698||28:18|128;172;360;737;1020;1279;1479;1612;1698;
256|7|Yellow| Rayden Emily|36621|1874||31:14|79;107;256;746;931;1337;1640;1815;1874;
257|7|Yellow| Lincoln Bethany|38008|1944||32:24|123;163;345;763;1083;1402;1682;1862;1944;
258|7|Yellow| Fitzpatrick William|42639|2858||47:38|234;315;600;1203;1764;2161;2503;2726;2858;
259|7|Yellow| Halling William|39077|0||-----|
260|8|White| Boon Millie|44375|620||10:20|77;112;196;260;375;460;571;620;
261|8|White| O'Hara David|40284|669||11:09|75;107;197;268;397;486;607;669;
262|8|White| Molloy Cara|42995|776||12:56|86;123;230;318;462;566;749;776;
263|8|White| Billing Arran|42853|825||13:45|85;135;248;347;524;653;775;825;
264|8|White| Abrey Tom|39381|883||14:43|105;153;270;347;513;646;809;883;
265|8|White| Kippin Elena|38125|898||14:58|93;131;271;355;535;700;828;898;
266|8|White| O'Hara Thomas|40161|929||15:29|65;106;214;288;408;743;855;929;
267|8|White| Minty Catriona|41054|977||16:17|80;131;317;427;618;769;916;977;
268|8|White| Leitch Samuel|40822|1003||16:43|70;108;258;365;604;758;950;1003;
269|8|White| Minty Isabel|41317|1066||17:46|125;171;293;380;679;815;985;1066;
270|8|White| Eshdale Jackie &amp; Ben|43877|1260||21:00|137;231;375;519;740;893;1157;1260;
271|8|White| Fielding Alex|40766|1262||21:02|103;159;347;486;733;919;1131;1262;
272|8|White| Arnold Jessica|44569|1469||24:29|113;225;464;580;788;1115;1266;1469;
273|8|White| Boon Harriett|44568|1472||24:32|117;224;463;579;786;1114;1261;1472;
50006|1|| GPS  Errington Simon|36921|||||339;-767,0N340;-769,0N341;-772,0N343;-773,0N347;-776,0N352;-778,0N357;-781,0N362;-785,0N368;-787,0N374;-790,0N380;-793,0N384;-795,0N391;-796,0N397;-799,0N402;-800,0N407;-802,0N410;-806,0N412;-811,0N414;-816,0N415;-822,0N417;-828,0N419;-831,0N422;-836,0N425;-840,0N429;-843,0N434;-841,0N439;-840,0N443;-838,0N447;-835,0N452;-835,0N459;-834,0N465;-834,0N468;-833,0N474;-834,0N478;-836,0N481;-842,0N482;-846,0N483;-851,0N484;-856,0N486;-862,0N490;-865,0N492;-868,0N493;-868,0N497;-869,0N500;-871,0N501;-875,0N499;-880,0N496;-883,0N493;-886,0N492;-890,0N489;-898,0N487;-904,0N486;-908,0N485;-912,0N485;-918,0N482;-920,0N475;-923,0N470;-924,0N465;-924,0N460;-923,0N456;-922,0N452;-923,0N447;-923,0N442;-926,0N438;-925,0N434;-925,0N430;-925,0N426;-925,0N420;-925,0N416;-926,0N411;-928,0N405;-929,0N400;-928,0N394;-929,0N389;-929,0N384;-929,0N379;-928,0N373;-926,0N370;-927,0N367;-929,0N365;-936,0N363;-942,0N361;-948,0N356;-953,0N353;-958,0N347;-962,0N344;-959,0N338;-959,0N336;-960,0N332;-964,0N329;-968,0N326;-973,0N322;-976,0N319;-981,0N315;-984,0N312;-986,0N309;-989,0N304;-991,0N300;-994,0N297;-997,0N295;-1000,0N294;-1004,0N292;-1009,0N291;-1013,0N289;-1019,0N286;-1023,0N284;-1027,0N280;-1029,0N275;-1032,0N271;-1035,0N266;-1036,0N261;-1037,0N258;-1038,0N255;-1039,0N250;-1040,0N254;-1035,0N252;-1036,0N248;-1041,0N245;-1045,0N241;-1048,0N237;-1049,0N234;-1051,0N231;-1053,0N231;-1055,0N231;-1059,0N232;-1064,0N234;-1068,0N236;-1072,0N238;-1074,0N240;-1078,0N243;-1081,0N246;-1083,0N249;-1084,0N253;-1087,0N255;-1091,0N256;-1096,0N258;-1100,0N261;-1103,0N264;-1106,0N267;-1111,0N271;-1113,0N275;-1115,0N278;-1117,0N281;-1118,0N284;-1123,0N286;-1128,0N287;-1132,0N288;-1138,0N290;-1138,0N293;-1137,0N297;-1140,0N301;-1142,0N303;-1142,0N306;-1146,0N307;-1154,0N309;-1160,0N311;-1165,0N314;-1168,0N317;-1171,0N319;-1171,0N323;-1174,0N324;-1176,0N327;-1179,0N329;-1181,0N332;-1185,0N333;-1189,0N335;-1193,0N338;-1197,0N340;-1199,0N343;-1203,0N345;-1205,0N349;-1206,0N352;-1207,0N351;-1211,0N352;-1215,0N352;-1219,0N353;-1222,0N357;-1225,0N359;-1226,0N361;-1229,0N364;-1232,0N366;-1235,0N368;-1239,0N371;-1240,0N374;-1244,0N374;-1247,0N373;-1250,0N370;-1252,0N368;-1255,0N366;-1258,0N365;-1261,0N365;-1265,0N367;-1268,0N369;-1272,0N370;-1275,0N372;-1278,0N372;-1282,0N371;-1286,0N370;-1289,0N367;-1293,0N365;-1297,0N364;-1301,0N363;-1306,0N364;-1310,0N364;-1314,0N365;-1318,0N364;-1322,0N362;-1325,0N360;-1328,0N358;-1331,0N357;-1334,0N357;-1337,0N359;-1338,0N361;-1339,0N363;-1344,0N364;-1348,0N365;-1349,0N368;-1349,0N368;-1353,0N367;-1356,0N364;-1360,0N362;-1363,0N360;-1365,0N358;-1365,0N355;-1364,0N354;-1362,0N352;-1361,0N349;-1361,0N344;-1360,0N340;-1360,0N336;-1360,0N331;-1360,0N328;-1360,0N323;-1358,0N320;-1358,0N316;-1359,0N313;-1360,0N310;-1360,0N306;-1361,0N302;-1361,0N298;-1358,0N295;-1354,0N293;-1353,0N291;-1351,0N287;-1351,0N285;-1351,0N282;-1350,0N278;-1348,0N275;-1347,0N270;-1346,0N267;-1346,0N262;-1345,0N258;-1344,0N254;-1343,0N250;-1342,0N245;-1342,0N241;-1341,0N238;-1340,0N236;-1339,0N232;-1339,0N229;-1339,0N226;-1340,0N221;-1340,0N218;-1340,0N214;-1339,0N212;-1338,0N210;-1336,0N206;-1335,0N202;-1334,0N198;-1332,0N193;-1332,0N190;-1331,0N185;-1331,0N181;-1330,0N177;-1329,0N173;-1328,0N170;-1328,0N167;-1328,0N164;-1329,0N161;-1331,0N158;-1332,0N154;-1333,0N151;-1335,0N149;-1335,0N147;-1338,0N145;-1341,0N147;-1342,0N149;-1345,0N150;-1346,0N151;-1349,0N150;-1347,0N151;-1347,0N152;-1346,0N153;-1344,0N156;-1342,0N157;-1338,0N156;-1334,0N154;-1330,0N152;-1328,0N150;-1325,0N149;-1320,0N149;-1315,0N149;-1311,0N149;-1308,0N151;-1304,0N152;-1299,0N154;-1295,0N155;-1291,0N156;-1287,0N157;-1284,0N158;-1280,0N159;-1276,0N160;-1274,0N162;-1269,0N163;-1266,0N165;-1263,0N167;-1259,0N170;-1257,0N172;-1255,0N176;-1252,0N178;-1249,0N177;-1248,0N175;-1247,0N172;-1248,0N168;-1249,0N165;-1247,0N161;-1246,0N159;-1242,0N158;-1237,0N158;-1236,0N156;-1235,0N153;-1236,0N151;-1236,0N150;-1238,0N147;-1237,0N145;-1234,0N141;-1234,0N139;-1232,0N137;-1230,0N134;-1229,0N131;-1226,0N127;-1225,0N125;-1223,0N120;-1224,0N118;-1225,0N115;-1228,0N114;-1229,0N111;-1230,0N108;-1229,0N108;-1228,0N109;-1231,0N105;-1233,0N102;-1234,0N99;-1236,0N95;-1237,0N91;-1237,0N89;-1235,0N87;-1233,0N83;-1232,0N80;-1232,0N77;-1231,0N74;-1230,0N72;-1228,0N69;-1226,0N67;-1225,0N64;-1226,0N63;-1227,0N61;-1224,0N60;-1220,0N59;-1217,0N58;-1214,0N57;-1210,0N57;-1209,0N56;-1206,0N56;-1203,0N56;-1199,0N56;-1195,0N58;-1192,0N59;-1189,0N62;-1186,0N65;-1181,0N68;-1178,0N71;-1175,0N74;-1171,0N79;-1168,0N82;-1165,0N85;-1164,0N88;-1163,0N90;-1161,0N92;-1158,0N96;-1157,0N98;-1153,0N101;-1151,0N104;-1148,0N106;-1146,0N107;-1142,0N111;-1139,0N112;-1138,0N116;-1134,0N119;-1132,0N120;-1131,0N121;-1129,0N123;-1127,0N121;-1125,0N121;-1123,0N120;-1121,0N119;-1117,0N120;-1112,0N120;-1108,0N121;-1104,0N122;-1100,0N122;-1099,0N122;-1097,0N122;-1094,0N123;-1090,0N124;-1087,0N125;-1085,0N124;-1083,0N124;-1080,0N125;-1078,0N125;-1076,0N127;-1074,0N127;-1071,0N125;-1065,0N124;-1061,0N123;-1058,0N123;-1056,0N123;-1053,0N124;-1048,0N124;-1044,0N123;-1041,0N124;-1037,0N123;-1032,0N123;-1029,0N122;-1027,0N123;-1023,0N121;-1019,0N122;-1015,0N122;-1011,0N121;-1008,0N120;-1004,0N118;-1001,0N116;-998,0N114;-994,0N114;-988,0N114;-983,0N114;-980,0N113;-977,0N115;-974,0N116;-971,0N117;-968,0N117;-966,0N117;-963,0N118;-960,0N116;-955,0N117;-954,0N116;-952,0N114;-951,0N112;-946,0N112;-944,0N111;-940,0N111;-935,0N112;-930,0N115;-925,0N117;-923,0N117;-919,0N118;-916,0N119;-912,0N119;-911,0N120;-908,0N122;-905,0N123;-902,0N125;-899,0N126;-896,0N127;-892,0N128;-889,0N129;-886,0N132;-885,0N133;-882,0N133;-878,0N134;-875,0N135;-870,0N136;-866,0N137;-862,0N136;-856,0N135;-852,0N134;-848,0N134;-844,0N133;-839,0N134;-835,0N134;-832,0N134;-829,0N134;-826,0N132;-822,0N130;-821,0N128;-820,0N123;-820,0N122;-817,0N122;-813,0N125;-808,0N127;-803,0N127;-800,0N128;-799,0N131;-798,0N133;-797,0N134;-799,0N134;-800,0N134;-798,0N133;-796,0N133;-792,0N133;-788,0N135;-784,0N133;-782,0N132;-779,0N131;-777,0N130;-774,0N130;-771,0N131;-768,0N131;-766,0N129;-763,0N127;-762,0N125;-762,0N125;-762,0N124;-761,0N125;-758,0N127;-755,0N130;-752,0N132;-749,0N134;-747,0N135;-743,0N136;-741,0N137;-738,0N137;-735,0N136;-734,0N135;-732,0N133;-729,0N131;-729,0N129;-727,0N128;-728,0N128;-728,0N128;-728,0N126;-728,0N126;-729,0N126;-726,0N127;-726,0N128;-724,0N130;-723,0N133;-722,0N134;-720,0N135;-716,0N138;-714,0N141;-713,0N144;-712,0N146;-711,0N148;-710,0N149;-708,0N150;-705,0N151;-705,0N153;-703,0N155;-703,0N158;-705,0N161;-703,0N162;-700,0N164;-696,0N167;-694,0N167;-690,0N168;-687,0N170;-684,0N172;-680,0N172;-676,0N173;-673,0N174;-669,0N175;-667,0N176;-662,0N177;-657,0N178;-653,0N179;-650,0N179;-645,0N179;-641,0N178;-638,0N178;-634,0N180;-631,0N181;-628,0N183;-624,0N184;-621,0N185;-618,0N186;-613,0N186;-609,0N186;-605,0N186;-601,0N186;-597,0N186;-594,0N186;-591,0N187;-586,0N188;-582,0N188;-577,0N189;-573,0N191;-568,0N192;-564,0N194;-559,0N196;-554,0N198;-549,0N200;-545,0N202;-542,0N203;-538,0N203;-534,0N204;-529,0N203;-523,0N203;-519,0N202;-515,0N201;-512,0N201;-509,0N203;-506,0N202;-506,0N201;-505,0N200;-503,0N199;-501,0N198;-498,0N198;-494,0N199;-491,0N200;-488,0N200;-484,0N201;-479,0N201;-477,0N201;-474,0N202;-472,0N202;-469,0N203;-467,0N204;-463,0N204;-459,0N205;-455,0N206;-452,0N207;-450,0N208;-448,0N208;-445,0N208;-443,0N207;-440,0N207;-437,0N207;-435,0N207;-433,0N206;-432,0N205;-431,0N205;-429,0N204;-428,0N204;-424,0N205;-420,0N205;-419,0N206;-417,0N207;-415,0N208;-414,0N209;-413,0N210;-410,0N212;-408,0N212;-403,0N214;-402,0N215;-398,0N217;-395,0N220;-391,0N221;-389,0N222;-385,0N223;-381,0N223;-378,0N223;-375,0N224;-372,0N225;-370,0N226;-369,0N227;-368,0N227;-367,0N227;-365,0N228;-362,0N229;-359,0N231;-354,0N232;-350,0N234;-348,0N237;-345,0N238;-344,0N240;-342,0N241;-339,0N244;-337,0N244;-336,0N246;-333,0N248;-330,0N249;-327,0N252;-325,0N254;-324,0N256;-323,0N257;-322,0N259;-320,0N261;-318,0N262;-316,0N263;-315,0N263;-315,0N264;-314,0N264;-313,0N264;-311,0N265;-309,0N266;-309,0N269;-307,0N271;-304,0N272;-303,0N275;-302,0N277;-302,0N278;-300,0N278;-300,0N280;-298,0N281;-298,0N283;-295,0N285;-293,0N287;-290,0N289;-290,0N291;-290,0N291;-293,0N295;-294,0N297;-294,0N298;-294,0N300;-294,0N302;-294,0N304;-293,0N305;-295,0N306;-295,0N307;-296,0N308;-297,0N309;-298,0N311;-299,0N313;-301,0N314;-302,0N316;-302,0N318;-302,0N319;-302,0N321;-300,0N324;-300,0N328;-301,0N330;-303,0N333;-304,0N336;-302,0N339;-301,0N342;-299,0N346;-299,0N350;-299,0N354;-297,0N357;-296,0N362;-296,0N364;-297,0N366;-299,0N366;-301,0N365;-304,0N364;-306,0N363;-304,0N364;-302,0N364;-299,0N366;-297,0N367;-293,0N366;-289,0N367;-286,0N367;-282,0N368;-278,0N368;-275,0N369;-271,0N369;-267,0N369;-263,0N370;-259,0N371;-255,0N370;-251,0N370;-248,0N370;-244,0N370;-240,0N371;-238,0N371;-235,0N373;-231,0N375;-228,0N376;-225,0N378;-221,0N379;-217,0N381;-212,0N381;-210,0N383;-207,0N384;-201,0N384;-196,0N384;-193,0N383;-191,0N381;-189,0N380;-186,0N379;-182,0N377;-179,0N375;-177,0N373;-175,0N371;-173,0N369;-168,0N367;-165,0N364;-162,0N363;-157,0N361;-154,0N359;-151,0N357;-148,0N355;-146,0N354;-142,0N352;-138,0N349;-135,0N349;-133,0N347;-134,0N346;-133,0N345;-132,0N344;-132,0N341;-130,0N339;-127,0N337;-124,0N337;-120,0N338;-117,0N339;-114,0N340;-113,0N342;-112,0N343;-112,0N344;-112,0N345;-112,0N347;-110,0N348;-109,0N349;-109,0N350;-108,0N351;-105,0N353;-104,0N354;-103,0N355;-103,0N358;-102,0N359;-102,0N360;-103,0N362;-102,0N364;-102,0N365;-106,0N367;-106,0N369;-106,0N372;-106,0N374;-106,0N377;-104,0N380;-100,0N384;-98,0N387;-98,0N391;-97,0N394;-97,0N397;-99,0N401;-99,0N405;-99,0N409;-99,0N410;-97,0N413;-97,0N417;-96,0N420;-98,0N424;-101,0N428;-104,0N432;-109,0N435;-112,0N439;-115,0N440;-119,0N444;-121,0N444;-125,0N447;-125,0N451;-124,0N455;-123,0N459;-123,0N462;-124,0N466;-125,0N470;-127,0N474;-129,0N477;-129,0N480;-128,0N484;-128,0N488;-128,0N492;-127,0N496;-127,0N499;-127,0N502;-125,0N506;-123,0N509;-124,0N513;-124,0N515;-125,0N518;-125,0N522;-125,0N526;-125,0N529;-125,0N533;-125,0N537;-129,0N540;-134,0N544;-138,0N548;-142,0N551;-143,0N553;-145,0N556;-150,0N561;-152,0N565;-153,0N568;-153,0N571;-154,0N575;-155,0N578;-156,0N580;-158,0N582;-156,0N585;-154,0N589;-153,0N593;-152,0N597;-151,0N599;-150,0N603;-148,0N606;-146,0N608;-145,0N610;-146,0N614;-146,0N616;-146,0N619;-146,0N622;-145,0N625;-144,0N629;-144,0N632;-144,0N635;-143,0N638;-141,0N641;-145,0N644;-146,0N646;-146,0N646;-148,0N645;-151,0N642;-153,0N642;-156,0N641;-158,0N641;-162,0N638;-163,0N636;-166,0N634;-167,0N632;-169,0N629;-171,0N627;-173,0N624;-173,0N622;-174,0N621;-176,0N619;-177,0N618;-179,0N617;-180,0N617;-181,0N615;-183,0N614;-185,0N615;-187,0N613;-189,0N610;-192,0N607;-194,0N605;-196,0N603;-197,0N600;-198,0N600;-199,0N598;-200,0N599;-201,0N602;-202,0N603;-203,0N607;-206,0N609;-208,0N610;-206,0N613;-204,0N613;-203,0N613;-201,0N614;-203,0N617;-205,0N619;-207,0N622;-207,0N625;-207,0N629;-208,0N631;-209,0N634;-207,0N638;-207,0N641;-205,0N645;-206,0N648;-206,0N652;-207,0N656;-207,0N659;-205,0N662;-203,0N667;-205,0N670;-209,0N671;-213,0N674;-215,0N674;-218,0N673;-221,0N674;-225,0N677;-230,0N678;-233,0N679;-236,0N680;-239,0N682;-244,0N682;-247,0N680;-250,0N678;-251,0N677;-255,0N677;-257,0N677;-257,0N676;-259,0N674;-257,0N672;-257,0N672;-257,0N673;-258,0N674;-261,0N674;-261,0N673;-263,0N673;-265,0N673;-265,0N673;-265,0N673;-265,0N673;-263,0N673;-261,0N673;-259,0N674;-257,0N674;-256,0N675;-254,0N678;-253,0N680;-252,0N683;-249,0N684;-247,0N685;-247,0N686;-247,0N688;-244,0N690;-242,0N693;-240,0N696;-239,0N699;-237,0N700;-236,0N699;-237,0N699;-239,0N698;-240,0N699;-243,0N699;-247,0N698;-250,0N696;-253,0N694;-257,0N694;-259,0N693;-262,0N691;-265,0N689;-269,0N688;-273,0N686;-274,0N684;-277,0N683;-280,0N682;-282,0N682;-284,0N683;-284,0N684;-287,0N685;-289,0N685;-293,0N687;-297,0N687;-297,0N687;-297,0N687;-299,0N687;-303,0N689;-307,0N688;-309,0N687;-312,0N687;-313,0N687;-316,0N688;-320,0N690;-324,0N689;-326,0N690;-330,0N691;-335,0N692;-337,0N694;-338,0N696;-342,0N696;-347,0N696;-352,0N694;-356,0N693;-359,0N690;-361,0N688;-366,0N686;-370,0N683;-373,0N680;-375,0N678;-379,0N675;-381,0N671;-383,0N669;-386,0N665;-388,0N662;-390,0N660;-393,0N657;-396,0N655;-399,0N652;-402,0N650;-406,0N648;-409,0N645;-412,0N643;-416,0N640;-419,0N638;-422,0N635;-424,0N632;-427,0N629;-431,0N626;-434,0N624;-437,0N621;-440,0N619;-443,0N616;-446,0N614;-450,0N611;-452,0N608;-455,0N604;-456,0N601;-458,0N603;-458,0N605;-459,0N607;-462,0N608;-466,0N609;-470,0N609;-475,0N611;-479,0N612;-482,0N612;-485,0N611;-489,0N611;-493,0N610;-497,0N608;-501,0N606;-503,0N603;-504,0N601;-506,0N599;-507,0N596;-507,0N593;-507,0N590;-509,0N588;-506,0N585;-504,0N581;-505,0N577;-504,0N574;-504,0N570;-504,0N567;-505,0N564;-505,0N560;-504,0N558;-501,0N554;-502,0N552;-502,0N549;-502,0N547;-501,0N545;-500,0N542;-500,0N539;-500,0N536;-498,0N533;-497,0N530;-498,0N528;-500,0N526;-500,0N523;-502,0N519;-501,0N517;-500,0N513;-499,0N510;-500,0N508;-499,0N504;-499,0N501;-499,0N499;-499,0N496;-499,0N493;-497,0N489;-496,0N486;-496,0N484;-496,0N481;-497,0N478;-498,0N475;-498,0N472;-498,0N469;-498,0N465;-498,0N461;-498,0N459;-498,0N457;-497,0N453;-496,0N451;-494,0N447;-494,0N444;-494,0N440;-494,0N437;-494,0N434;-492,0N430;-492,0N427;-492,0N424;-493,0N421;-495,0N419;-495,0N416;-496,0N413;-496,0N410;-496,0N407;-497,0N403;-497,0N400;-497,0N398;-499,0N395;-501,0N392;-502,0N389;-502,0N386;-503,0N383;-501,0N377;-500,0N375;-501,0N373;-501,0N369;-500,0N366;-498,0N363;-499,0N359;-499,0N356;-499,0N355;-499,0N352;-499,0N348;-500,0N346;-499,0N344;-499,0N340;-499,0N337;-498,0N335;-498,0N332;-499,0N330;-499,0N327;-498,0N324;-495,0N321;-493,0N317;-491,0N316;-490,0N313;-489,0N311;-489,0N310;-489,0N309;-488,0N309;-486,0N308;-483,0N306;-482,0N304;-480,0N301;-478,0N300;-477,0N297;-477,0N295;-475,0N293;-474,0N292;-475,0N291;-472,0N289;-470,0N289;-468,0N292;-466,0N294;-466,0N298;-462,0N301;-459,0N303;-457,0N306;-456,0N309;-454,0N312;-453,0N314;-452,0N317;-450,0N320;-447,0N322;-443,0N325;-440,0N326;-438,0N327;-436,0N329;-435,0N331;-434,0N333;-432,0N335;-429,0N338;-427,0N340;-425,0N343;-424,0N344;-423,0N346;-418,0N347;-415,0N351;-413,0N353;-411,0N356;-409,0N358;-407,0N361;-404,0N365;-400,0N367;-398,0N371;-399,0N374;-399,0N376;-397,0N379;-396,0N382;-395,0N385;-395,0N388;-397,0N388;-396,0N390;-395,0N393;-395,0N394;-393,0N395;-393,0N399;-394,0N400;-394,0N401;-395,0N403;-393,0N405;-392,0N407;-394,0N410;-393,0N410;-394,0N413;-395,0N415;-398,0N415;-403,0N415;-408,0N414;-413,0N412;-417,0N412;-421,0N412;-425,0N412;-428,0N413;-432,0N413;-436,0N412;-440,0N413;-443,0N415;-447,0N417;-452,0N417;-456,0N417;-460,0N416;-466,0N415;-470,0N414;-474,0N413;-478,0N411;-483,0N412;-487,0N412;-490,0N413;-494,0N413;-498,0N413;-501,0N414;-506,0N414;-513,0N413;-517,0N413;-521,0N414;-524,0N415;-528,0N417;-530,0N421;-532,0N423;-535,0N425;-540,0N428;-543,0N430;-545,0N433;-547,0N435;-551,0N437;-556,0N439;-561,0N441;-568,0N442;-572,0N445;-576,0N448;-580,0N450;-585,0N453;-592,0N454;-595,0N456;-598,0N457;-600,0N459;-602,0N462;-605,0N464;-607,0N466;-609,0N467;-610,0N469;-614,0N471;-619,0N474;-624,0N477;-628,0N480;-629,0N481;-628,0N485;-627,0N487;-626,0N490;-625,0N492;-625,0N494;-625,0N497;-627,0N501;-629,0N499;-634,0N498;-638,0N497;-643,0N495;-647,0N495;-651,0N493;-654,0N491;-657,0N489;-659,0N486;-663,0N483;-665,0N482;-667,0N479;-669,0N478;-671,0N477;-673,0N475;-676,0N474;-679,0N473;-682,0N471;-685,0N468;-687,0N464;-688,0N462;-690,0N460;-692,0N456;-695,0N455;-698,0N454;-699,0N451;-702,0N449;-703,0N447;-706,0N444;-705,0N441;-703,0N440;-700,0N438;-698,0N437;-697,0N434;-696,0N433;-694,0N430;-695,0N429;-694,0N426;-694,0N423;-692,0N419;-692,0N417;-692,0N413;-692,0N411;-692,0N408;-692,0N403;-692,0N400;-691,0N397;-689,0N394;-689,0N391;-690,0N387;-691,0N384;-691,0N381;-692,0N377;-692,0N373;-691,0N371;-693,0N368;-693,0N366;-693,0N362;-693,0N360;-694,0N358;-697,0N354;-700,0N352;-702,0N348;-704,0N344;-707,0N341;-709,0N338;-712,0N336;-715,0N334;-719,0N332;-723,0N333;-725,0N331;-728,0N327;-730,0N326;-733,0N326;-736,0N326;-737,0N320;-738,0N315;-737,0N310;-736,0N306;-736,0N301;-736,0N297;-737,0N293;-737,0N288;-736,0N284;-735,0N281;-731,0N277;-729,0N277;-726,0N276;-720,0N276;-715,0N
50005|1|| GPS  Nixon Paul|42470|||||340;-762,0N340;-762,0N341;-764,0N342;-765,0N346;-766,0N350;-767,0N354;-770,0N359;-771,0N364;-774,0N369;-775,0N374;-776,0N380;-779,0N386;-782,0N392;-786,0N396;-788,0N400;-790,0N405;-791,0N408;-792,0N411;-797,0N413;-803,0N415;-807,0N417;-812,0N420;-815,0N422;-821,0N423;-827,0N426;-831,0N429;-835,0N432;-834,0N436;-832,0N441;-830,0N446;-830,0N451;-829,0N455;-830,0N459;-829,0N460;-833,0N462;-837,0N462;-841,0N462;-845,0N462;-848,0N464;-852,0N467;-857,0N472;-860,0N476;-862,0N481;-865,0N485;-868,0N491;-872,0N492;-871,0N494;-872,0N497;-873,0N499;-876,0N497;-879,0N494;-884,0N493;-888,0N491;-893,0N489;-898,0N487;-902,0N485;-907,0N484;-911,0N481;-916,0N476;-918,0N471;-920,0N465;-920,0N460;-921,0N455;-920,0N450;-920,0N444;-921,0N439;-921,0N434;-922,0N431;-923,0N427;-923,0N423;-924,0N418;-923,0N412;-923,0N406;-924,0N400;-924,0N397;-924,0N391;-924,0N386;-924,0N380;-924,0N374;-924,0N372;-926,0N368;-932,0N364;-939,0N363;-944,0N359;-948,0N356;-953,0N350;-954,0N346;-954,0N342;-956,0N340;-960,0N338;-965,0N334;-969,0N331;-973,0N326;-975,0N322;-978,0N320;-983,0N316;-987,0N313;-992,0N308;-996,0N303;-1000,0N301;-1003,0N298;-1009,0N295;-1013,0N291;-1017,0N290;-1020,0N287;-1023,0N282;-1025,0N278;-1026,0N274;-1028,0N271;-1031,0N266;-1032,0N261;-1031,0N258;-1030,0N255;-1030,0N251;-1030,0N246;-1029,0N241;-1029,0N236;-1031,0N232;-1034,0N229;-1037,0N226;-1038,0N224;-1041,0N222;-1041,0N220;-1042,0N217;-1041,0N212;-1040,0N209;-1039,0N206;-1041,0N202;-1042,0N200;-1045,0N199;-1046,0N200;-1048,0N202;-1051,0N204;-1054,0N207;-1059,0N210;-1062,0N214;-1064,0N215;-1068,0N217;-1068,0N219;-1069,0N221;-1070,0N225;-1067,0N228;-1066,0N231;-1061,0N233;-1056,0N234;-1056,0N234;-1057,0N234;-1058,0N237;-1059,0N243;-1059,0N246;-1060,0N250;-1065,0N253;-1069,0N256;-1069,0N258;-1068,0N261;-1070,0N264;-1072,0N267;-1075,0N270;-1079,0N273;-1084,0N275;-1090,0N274;-1094,0N276;-1098,0N277;-1103,0N278;-1107,0N281;-1111,0N285;-1116,0N290;-1121,0N292;-1124,0N294;-1129,0N295;-1133,0N298;-1138,0N301;-1139,0N304;-1140,0N309;-1140,0N312;-1144,0N314;-1149,0N316;-1153,0N316;-1156,0N316;-1158,0N318;-1161,0N320;-1165,0N321;-1168,0N320;-1170,0N322;-1173,0N324;-1175,0N323;-1179,0N324;-1183,0N326;-1188,0N326;-1193,0N327;-1198,0N327;-1204,0N327;-1209,0N329;-1213,0N330;-1218,0N331;-1222,0N332;-1227,0N335;-1231,0N338;-1234,0N341;-1237,0N344;-1239,0N349;-1239,0N352;-1239,0N356;-1239,0N360;-1240,0N363;-1240,0N366;-1241,0N370;-1243,0N374;-1244,0N376;-1243,0N380;-1245,0N383;-1245,0N386;-1249,0N386;-1253,0N384;-1255,0N382;-1258,0N381;-1262,0N380;-1267,0N378;-1273,0N377;-1277,0N374;-1282,0N372;-1284,0N371;-1289,0N370;-1294,0N368;-1297,0N367;-1300,0N365;-1304,0N364;-1308,0N366;-1313,0N365;-1317,0N364;-1322,0N364;-1326,0N363;-1331,0N363;-1335,0N363;-1339,0N364;-1344,0N364;-1348,0N364;-1350,0N366;-1351,0N367;-1355,0N370;-1359,0N373;-1365,0N372;-1364,0N369;-1364,0N367;-1366,0N363;-1366,0N358;-1368,0N354;-1369,0N350;-1371,0N347;-1370,0N342;-1368,0N338;-1366,0N334;-1363,0N330;-1364,0N327;-1365,0N323;-1366,0N320;-1363,0N316;-1361,0N313;-1359,0N311;-1356,0N309;-1353,0N306;-1350,0N304;-1347,0N300;-1346,0N297;-1343,0N294;-1341,0N290;-1339,0N287;-1337,0N283;-1335,0N279;-1333,0N274;-1332,0N269;-1330,0N265;-1330,0N260;-1328,0N257;-1326,0N253;-1323,0N249;-1323,0N246;-1322,0N242;-1321,0N239;-1320,0N235;-1319,0N232;-1319,0N229;-1319,0N227;-1321,0N221;-1321,0N217;-1321,0N213;-1320,0N210;-1319,0N207;-1319,0N204;-1321,0N201;-1322,0N200;-1322,0N197;-1321,0N193;-1319,0N191;-1317,0N186;-1318,0N180;-1320,0N178;-1321,0N176;-1319,0N172;-1321,0N169;-1324,0N167;-1326,0N165;-1329,0N161;-1332,0N159;-1335,0N155;-1335,0N152;-1336,0N149;-1337,0N146;-1340,0N147;-1345,0N148;-1347,0N150;-1349,0N151;-1353,0N155;-1355,0N157;-1357,0N160;-1357,0N162;-1357,0N163;-1356,0N163;-1356,0N163;-1357,0N162;-1357,0N161;-1355,0N157;-1354,0N156;-1352,0N152;-1351,0N148;-1350,0N145;-1347,0N143;-1343,0N141;-1340,0N137;-1336,0N134;-1332,0N132;-1328,0N133;-1323,0N133;-1318,0N131;-1312,0N131;-1308,0N130;-1303,0N131;-1299,0N130;-1294,0N129;-1290,0N130;-1285,0N131;-1281,0N135;-1277,0N135;-1274,0N136;-1270,0N137;-1267,0N137;-1264,0N137;-1262,0N136;-1260,0N136;-1259,0N134;-1257,0N132;-1256,0N132;-1255,0N134;-1254,0N137;-1253,0N137;-1250,0N136;-1248,0N135;-1247,0N133;-1248,0N131;-1249,0N129;-1251,0N128;-1254,0N127;-1256,0N125;-1255,0N125;-1253,0N124;-1249,0N124;-1246,0N125;-1243,0N126;-1242,0N126;-1242,0N127;-1245,0N130;-1244,0N132;-1244,0N134;-1244,0N134;-1243,0N134;-1241,0N136;-1240,0N137;-1238,0N140;-1238,0N141;-1241,0N142;-1245,0N144;-1250,0N148;-1253,0N152;-1254,0N157;-1256,0N160;-1258,0N162;-1260,0N165;-1261,0N166;-1263,0N167;-1267,0N170;-1269,0N174;-1273,0N176;-1278,0N178;-1282,0N177;-1283,0N178;-1285,0N178;-1287,0N178;-1291,0N177;-1292,0N177;-1292,0N177;-1291,0N178;-1285,0N179;-1279,0N179;-1274,0N179;-1268,0N181;-1264,0N183;-1259,0N185;-1254,0N188;-1250,0N190;-1249,0N188;-1248,0N185;-1246,0N182;-1244,0N179;-1241,0N177;-1237,0N174;-1235,0N170;-1232,0N167;-1228,0N165;-1226,0N159;-1223,0N157;-1220,0N153;-1217,0N152;-1213,0N148;-1211,0N145;-1209,0N141;-1209,0N137;-1210,0N132;-1209,0N127;-1209,0N122;-1208,0N117;-1206,0N113;-1205,0N109;-1205,0N105;-1203,0N102;-1204,0N98;-1204,0N94;-1205,0N91;-1207,0N88;-1207,0N87;-1206,0N85;-1204,0N83;-1203,0N81;-1201,0N81;-1200,0N82;-1201,0N83;-1204,0N81;-1207,0N80;-1210,0N78;-1214,0N77;-1216,0N74;-1216,0N72;-1216,0N69;-1215,0N65;-1213,0N65;-1209,0N64;-1206,0N63;-1202,0N64;-1198,0N66;-1194,0N68;-1190,0N72;-1187,0N76;-1184,0N80;-1180,0N84;-1176,0N89;-1173,0N94;-1172,0N100;-1173,0N105;-1173,0N109;-1172,0N109;-1169,0N107;-1165,0N106;-1160,0N108;-1154,0N112;-1150,0N115;-1146,0N119;-1142,0N121;-1139,0N124;-1137,0N128;-1135,0N131;-1132,0N132;-1130,0N131;-1129,0N131;-1128,0N129;-1124,0N128;-1121,0N128;-1115,0N128;-1111,0N129;-1106,0N131;-1102,0N132;-1098,0N131;-1094,0N131;-1091,0N132;-1089,0N132;-1086,0N133;-1084,0N133;-1082,0N135;-1080,0N136;-1078,0N138;-1074,0N136;-1070,0N134;-1065,0N132;-1060,0N132;-1057,0N132;-1053,0N133;-1048,0N133;-1043,0N133;-1039,0N134;-1034,0N133;-1030,0N133;-1024,0N132;-1020,0N131;-1015,0N131;-1011,0N133;-1005,0N135;-1001,0N138;-996,0N140;-993,0N140;-989,0N141;-984,0N141;-980,0N140;-976,0N139;-972,0N138;-968,0N137;-965,0N134;-962,0N131;-960,0N129;-957,0N126;-956,0N127;-955,0N128;-952,0N129;-949,0N130;-945,0N130;-942,0N130;-941,0N129;-939,0N130;-938,0N130;-936,0N130;-935,0N131;-931,0N133;-927,0N134;-923,0N136;-919,0N136;-915,0N138;-911,0N141;-906,0N144;-903,0N147;-899,0N150;-894,0N152;-890,0N154;-884,0N155;-879,0N155;-875,0N154;-871,0N153;-867,0N152;-863,0N152;-859,0N151;-854,0N150;-850,0N149;-846,0N148;-840,0N146;-835,0N145;-830,0N144;-826,0N144;-821,0N144;-817,0N145;-812,0N146;-809,0N144;-807,0N142;-805,0N142;-802,0N142;-800,0N142;-798,0N142;-795,0N141;-792,0N143;-788,0N143;-785,0N144;-781,0N144;-777,0N142;-773,0N141;-769,0N142;-767,0N143;-765,0N145;-761,0N146;-759,0N147;-756,0N147;-752,0N148;-749,0N149;-747,0N149;-745,0N148;-742,0N148;-740,0N147;-739,0N145;-738,0N145;-736,0N145;-735,0N145;-734,0N145;-733,0N144;-732,0N144;-726,0N143;-723,0N140;-721,0N139;-718,0N137;-716,0N136;-715,0N135;-713,0N135;-711,0N137;-706,0N137;-705,0N137;-704,0N138;-704,0N138;-704,0N138;-706,0N138;-710,0N137;-712,0N134;-713,0N134;-713,0N134;-714,0N134;-714,0N134;-715,0N134;-716,0N136;-717,0N136;-718,0N136;-718,0N134;-718,0N134;-718,0N134;-718,0N136;-717,0N138;-717,0N139;-716,0N140;-716,0N141;-715,0N143;-712,0N143;-710,0N144;-708,0N146;-707,0N147;-708,0N148;-707,0N151;-704,0N152;-704,0N154;-703,0N157;-701,0N158;-701,0N160;-700,0N163;-699,0N166;-699,0N169;-698,0N171;-695,0N173;-691,0N175;-688,0N176;-684,0N178;-679,0N180;-674,0N182;-671,0N183;-666,0N185;-660,0N186;-656,0N188;-652,0N189;-648,0N190;-643,0N190;-638,0N190;-633,0N189;-628,0N190;-623,0N192;-617,0N194;-612,0N195;-607,0N196;-602,0N196;-599,0N196;-596,0N197;-590,0N198;-586,0N199;-581,0N199;-576,0N200;-572,0N201;-567,0N203;-562,0N204;-556,0N205;-552,0N207;-547,0N209;-543,0N210;-538,0N211;-534,0N210;-530,0N209;-527,0N208;-524,0N208;-519,0N208;-514,0N208;-510,0N208;-505,0N208;-501,0N209;-498,0N210;-494,0N210;-493,0N209;-491,0N209;-489,0N209;-487,0N210;-483,0N211;-479,0N211;-476,0N211;-475,0N211;-473,0N210;-470,0N210;-466,0N211;-463,0N213;-458,0N215;-453,0N217;-449,0N218;-445,0N218;-443,0N217;-441,0N216;-438,0N217;-434,0N217;-431,0N218;-428,0N219;-426,0N220;-422,0N219;-420,0N217;-417,0N215;-415,0N215;-414,0N214;-413,0N214;-409,0N214;-405,0N215;-400,0N216;-393,0N217;-388,0N218;-383,0N220;-378,0N221;-374,0N222;-370,0N224;-366,0N226;-362,0N228;-359,0N231;-356,0N233;-351,0N235;-348,0N237;-347,0N239;-345,0N242;-343,0N243;-341,0N245;-339,0N247;-337,0N249;-335,0N251;-333,0N253;-331,0N255;-329,0N256;-328,0N256;-327,0N258;-325,0N259;-324,0N261;-321,0N261;-320,0N264;-320,0N264;-315,0N265;-313,0N266;-311,0N266;-309,0N267;-307,0N265;-306,0N264;-304,0N266;-304,0N267;-304,0N269;-304,0N270;-304,0N272;-304,0N273;-303,0N274;-302,0N276;-302,0N277;-302,0N279;-302,0N280;-304,0N282;-306,0N284;-309,0N288;-312,0N293;-313,0N296;-315,0N297;-316,0N300;-316,0N303;-319,0N306;-319,0N307;-320,0N310;-319,0N312;-320,0N314;-319,0N317;-321,0N321;-320,0N323;-320,0N327;-319,0N329;-319,0N329;-318,0N332;-317,0N336;-317,0N339;-317,0N343;-317,0N344;-317,0N347;-316,0N348;-316,0N350;-316,0N353;-317,0N356;-318,0N357;-319,0N360;-319,0N362;-319,0N365;-320,0N366;-319,0N369;-318,0N374;-318,0N372;-315,0N370;-312,0N368;-310,0N365;-307,0N362;-305,0N361;-305,0N362;-302,0N361;-301,0N362;-299,0N362;-298,0N362;-296,0N363;-293,0N363;-289,0N363;-284,0N364;-280,0N365;-275,0N367;-270,0N369;-265,0N370;-260,0N372;-255,0N373;-250,0N374;-247,0N375;-243,0N375;-239,0N376;-235,0N377;-230,0N377;-226,0N379;-220,0N379;-216,0N382;-212,0N385;-209,0N388;-205,0N390;-202,0N392;-197,0N393;-193,0N395;-189,0N395;-185,0N398;-181,0N399;-177,0N401;-173,0N401;-167,0N403;-162,0N402;-159,0N400;-157,0N399;-154,0N397;-152,0N397;-146,0N397;-141,0N398;-138,0N400;-135,0N399;-132,0N400;-130,0N399;-129,0N399;-127,0N399;-123,0N398;-119,0N396;-117,0N394;-113,0N392;-111,0N391;-109,0N389;-108,0N388;-108,0N387;-107,0N384;-107,0N382;-108,0N378;-106,0N374;-104,0N373;-103,0N373;-101,0N370;-100,0N370;-98,0N368;-97,0N366;-96,0N366;-96,0N364;-95,0N362;-94,0N359;-92,0N358;-89,0N358;-87,0N355;-85,0N353;-84,0N351;-82,0N349;-80,0N347;-80,0N346;-81,0N345;-80,0N345;-81,0N342;-85,0N341;-89,0N339;-93,0N340;-96,0N342;-99,0N342;-100,0N343;-100,0N345;-100,0N346;-100,0N347;-101,0N349;-100,0N351;-100,0N353;-100,0N354;-100,0N356;-101,0N360;-100,0N363;-100,0N366;-101,0N368;-101,0N370;-100,0N371;-100,0N373;-101,0N374;-102,0N377;-103,0N381;-104,0N385;-108,0N389;-112,0N392;-115,0N395;-117,0N397;-119,0N400;-122,0N403;-123,0N407;-126,0N409;-128,0N414;-130,0N417;-132,0N420;-131,0N421;-130,0N423;-129,0N426;-130,0N429;-130,0N434;-131,0N437;-133,0N439;-134,0N441;-134,0N444;-135,0N447;-137,0N449;-138,0N452;-137,0N452;-136,0N457;-138,0N459;-136,0N463;-135,0N466;-132,0N469;-128,0N473;-124,0N477;-122,0N480;-120,0N484;-117,0N487;-113,0N491;-108,0N496;-105,0N499;-102,0N503;-101,0N505;-101,0N508;-101,0N511;-101,0N514;-101,0N517;-102,0N519;-104,0N522;-107,0N524;-107,0N527;-108,0N529;-108,0N531;-108,0N534;-109,0N536;-109,0N539;-108,0N544;-108,0N548;-109,0N552;-110,0N555;-110,0N557;-111,0N560;-113,0N561;-116,0N566;-118,0N568;-121,0N570;-124,0N573;-127,0N574;-130,0N575;-133,0N579;-136,0N579;-138,0N582;-140,0N584;-143,0N588;-145,0N592;-147,0N595;-148,0N598;-149,0N602;-149,0N606;-149,0N610;-149,0N614;-151,0N619;-154,0N622;-153,0N626;-153,0N632;-155,0N636;-155,0N638;-152,0N640;-151,0N640;-152,0N639;-154,0N640;-157,0N639;-159,0N638;-162,0N637;-165,0N635;-169,0N632;-172,0N629;-174,0N627;-176,0N623;-178,0N621;-179,0N619;-180,0N616;-180,0N613;-180,0N612;-184,0N610;-188,0N609;-192,0N608;-196,0N609;-199,0N608;-202,0N609;-202,0N612;-202,0N613;-202,0N614;-202,0N616;-202,0N620;-203,0N624;-204,0N628;-206,0N633;-207,0N638;-209,0N642;-211,0N647;-213,0N651;-215,0N656;-216,0N661;-216,0N666;-217,0N670;-220,0N673;-221,0N677;-224,0N680;-227,0N684;-230,0N686;-231,0N688;-233,0N690;-235,0N692;-238,0N694;-240,0N693;-241,0N695;-243,0N694;-245,0N691;-248,0N690;-252,0N688;-256,0N686;-258,0N683;-262,0N683;-266,0N680;-271,0N678;-276,0N674;-281,0N674;-283,0N675;-285,0N674;-287,0N675;-290,0N675;-292,0N674;-293,0N674;-295,0N675;-298,0N675;-300,0N674;-304,0N674;-307,0N674;-310,0N675;-312,0N673;-316,0N672;-321,0N673;-326,0N671;-330,0N672;-335,0N672;-338,0N671;-344,0N669;-347,0N669;-350,0N671;-354,0N672;-358,0N673;-360,0N671;-364,0N672;-368,0N671;-372,0N670;-376,0N666;-381,0N663;-384,0N659;-390,0N656;-394,0N651;-397,0N648;-400,0N644;-404,0N641;-407,0N638;-411,0N635;-416,0N632;-420,0N628;-423,0N625;-427,0N621;-430,0N617;-432,0N614;-435,0N611;-439,0N608;-441,0N606;-445,0N602;-448,0N599;-452,0N596;-455,0N594;-458,0N594;-460,0N594;-462,0N594;-463,0N596;-466,0N597;-469,0N599;-473,0N601;-476,0N603;-479,0N605;-483,0N607;-487,0N609;-491,0N610;-494,0N609;-497,0N607;-499,0N604;-502,0N602;-503,0N600;-504,0N598;-505,0N596;-506,0N594;-505,0N592;-504,0N588;-503,0N583;-502,0N578;-500,0N574;-499,0N571;-500,0N566;-500,0N561;-499,0N554;-496,0N550;-496,0N546;-494,0N544;-494,0N541;-492,0N540;-492,0N537;-490,0N534;-489,0N530;-488,0N526;-484,0N523;-485,0N520;-484,0N517;-482,0N514;-480,0N513;-480,0N510;-479,0N508;-478,0N504;-476,0N502;-475,0N501;-475,0N499;-474,0N498;-475,0N497;-471,0N495;-468,0N493;-464,0N491;-461,0N489;-457,0N488;-454,0N486;-452,0N485;-449,0N484;-447,0N483;-444,0N482;-441,0N480;-438,0N479;-435,0N477;-433,0N476;-432,0N473;-431,0N472;-430,0N470;-429,0N468;-425,0N466;-422,0N464;-420,0N462;-417,0N461;-416,0N459;-415,0N458;-412,0N456;-412,0N456;-412,0N455;-410,0N453;-410,0N453;-409,0N451;-407,0N448;-405,0N446;-402,0N442;-400,0N438;-399,0N432;-401,0N428;-401,0N426;-403,0N425;-405,0N423;-405,0N421;-405,0N419;-407,0N415;-410,0N411;-412,0N408;-414,0N406;-416,0N402;-419,0N399;-421,0N397;-423,0N395;-425,0N393;-426,0N391;-428,0N389;-430,0N387;-431,0N384;-434,0N381;-437,0N379;-439,0N377;-442,0N377;-445,0N375;-448,0N371;-451,0N368;-452,0N364;-454,0N362;-456,0N359;-459,0N358;-461,0N356;-463,0N353;-463,0N350;-464,0N347;-465,0N345;-466,0N344;-468,0N342;-471,0N340;-473,0N338;-475,0N337;-478,0N336;-481,0N336;-483,0N336;-485,0N336;-485,0N336;-485,0N334;-485,0N332;-484,0N330;-483,0N328;-481,0N324;-479,0N320;-477,0N316;-475,0N312;-472,0N308;-471,0N304;-471,0N300;-468,0N295;-468,0N292;-469,0N290;-470,0N290;-471,0N289;-471,0N289;-470,0N290;-467,0N290;-465,0N293;-463,0N296;-461,0N299;-456,0N302;-453,0N304;-449,0N307;-443,0N311;-439,0N315;-435,0N318;-431,0N321;-429,0N325;-426,0N328;-423,0N330;-422,0N333;-422,0N335;-420,0N340;-420,0N346;-420,0N351;-423,0N355;-422,0N359;-422,0N363;-420,0N367;-418,0N371;-417,0N373;-415,0N375;-413,0N378;-412,0N381;-408,0N384;-404,0N387;-400,0N390;-397,0N392;-397,0N395;-395,0N397;-395,0N399;-395,0N401;-396,0N403;-399,0N402;-402,0N402;-405,0N403;-404,0N405;-406,0N407;-407,0N411;-409,0N413;-410,0N417;-415,0N420;-419,0N423;-423,0N426;-427,0N429;-432,0N432;-434,0N435;-438,0N437;-441,0N439;-446,0N442;-451,0N446;-456,0N448;-460,0N451;-462,0N455;-466,0N459;-471,0N461;-478,0N463;-481,0N467;-485,0N470;-489,0N472;-492,0N474;-498,0N475;-504,0N476;-507,0N478;-511,0N482;-513,0N484;-516,0N486;-520,0N489;-525,0N492;-529,0N495;-533,0N495;-539,0N496;-545,0N497;-550,0N498;-555,0N499;-559,0N500;-564,0N500;-568,0N501;-571,0N502;-576,0N504;-582,0N505;-585,0N507;-589,0N507;-594,0N506;-600,0N505;-606,0N504;-612,0N503;-618,0N501;-623,0N498;-630,0N495;-634,0N493;-637,0N491;-642,0N488;-647,0N485;-650,0N480;-662,0N476;-665,0N473;-663,0N471;-662,0N468;-659,0N466;-658,0N464;-657,0N464;-657,0N463;-656,0N459;-656,0N456;-656,0N453;-656,0N450;-660,0N447;-663,0N444;-665,0N441;-672,0N438;-674,0N436;-678,0N433;-680,0N432;-683,0N430;-686,0N427;-689,0N425;-693,0N423;-697,0N420;-699,0N417;-700,0N414;-701,0N409;-698,0N405;-698,0N401;-696,0N397;-697,0N395;-700,0N393;-702,0N392;-705,0N391;-709,0N390;-713,0N387;-717,0N382;-721,0N377;-724,0N372;-731,0N367;-736,0N364;-737,0N361;-735,0N357;-734,0N354;-735,0N349;-737,0N345;-739,0N341;-739,0N338;-740,0N333;-741,0N328;-742,0N324;-742,0N320;-741,0N316;-740,0N313;-740,0N310;-739,0N307;-739,0N303;-740,0N299;-738,0N294;-736,0N289;-734,0N288;-732,0N287;-728,0N284;-725,0N282;-722,0N280;-718,0N
50015|1|| GPS  Elkington Barry|42861|||||335;-766,0N336;-766,0N336;-766,0N336;-767,0N339;-770,0N344;-772,0N348;-774,0N352;-776,0N357;-779,0N362;-782,0N366;-784,0N371;-786,0N376;-789,0N381;-792,0N385;-796,0N390;-799,0N394;-802,0N398;-804,0N401;-803,0N404;-806,0N405;-810,0N405;-813,0N406;-817,0N408;-820,0N411;-823,0N413;-828,0N415;-834,0N415;-838,0N416;-841,0N420;-844,0N424;-844,0N429;-843,0N433;-843,0N437;-843,0N442;-842,0N446;-842,0N451;-842,0N456;-844,0N460;-846,0N462;-846,0N463;-849,0N464;-852,0N466;-854,0N469;-857,0N472;-861,0N474;-865,0N475;-869,0N476;-873,0N478;-875,0N480;-876,0N482;-878,0N482;-880,0N484;-884,0N488;-887,0N489;-889,0N489;-891,0N488;-894,0N485;-897,0N483;-900,0N482;-906,0N478;-908,0N475;-913,0N474;-916,0N473;-920,0N474;-923,0N473;-926,0N472;-928,0N468;-929,0N464;-930,0N460;-931,0N454;-931,0N449;-931,0N444;-932,0N439;-933,0N433;-934,0N429;-935,0N424;-936,0N419;-936,0N414;-936,0N410;-936,0N406;-937,0N402;-937,0N399;-938,0N395;-940,0N392;-942,0N389;-946,0N385;-950,0N382;-953,0N380;-956,0N377;-958,0N374;-957,0N369;-958,0N365;-959,0N361;-961,0N357;-962,0N354;-964,0N351;-964,0N347;-963,0N343;-964,0N339;-963,0N335;-963,0N332;-963,0N328;-963,0N324;-963,0N321;-963,0N318;-965,0N316;-968,0N313;-971,0N310;-975,0N307;-978,0N304;-981,0N302;-982,0N299;-985,0N296;-988,0N291;-990,0N287;-993,0N285;-995,0N283;-997,0N281;-998,0N279;-1000,0N276;-1002,0N272;-1005,0N268;-1006,0N267;-1009,0N265;-1010,0N263;-1012,0N259;-1015,0N256;-1017,0N252;-1018,0N248;-1017,0N244;-1016,0N241;-1017,0N237;-1018,0N235;-1020,0N233;-1021,0N235;-1022,0N236;-1026,0N235;-1028,0N234;-1028,0N231;-1029,0N228;-1029,0N224;-1032,0N221;-1034,0N219;-1035,0N217;-1038,0N216;-1038,0N215;-1039,0N214;-1039,0N212;-1039,0N208;-1038,0N205;-1035,0N205;-1033,0N205;-1033,0N207;-1030,0N207;-1028,0N209;-1026,0N212;-1026,0N214;-1023,0N217;-1021,0N219;-1022,0N223;-1022,0N225;-1021,0N228;-1020,0N232;-1019,0N235;-1020,0N238;-1018,0N241;-1018,0N245;-1019,0N248;-1018,0N249;-1018,0N250;-1018,0N252;-1018,0N256;-1021,0N259;-1023,0N261;-1027,0N263;-1030,0N266;-1031,0N270;-1031,0N274;-1031,0N278;-1031,0N280;-1032,0N279;-1031,0N278;-1031,0N276;-1033,0N274;-1035,0N270;-1038,0N267;-1039,0N263;-1041,0N261;-1042,0N257;-1044,0N255;-1045,0N252;-1049,0N248;-1050,0N245;-1053,0N243;-1054,0N241;-1055,0N239;-1055,0N240;-1056,0N241;-1055,0N244;-1055,0N247;-1055,0N249;-1054,0N253;-1053,0N256;-1053,0N258;-1052,0N262;-1051,0N265;-1051,0N268;-1051,0N271;-1050,0N275;-1050,0N279;-1050,0N281;-1052,0N282;-1054,0N283;-1060,0N284;-1068,0N285;-1076,0N284;-1080,0N281;-1082,0N281;-1086,0N282;-1089,0N283;-1092,0N285;-1095,0N285;-1100,0N286;-1104,0N287;-1108,0N290;-1114,0N290;-1120,0N293;-1124,0N296;-1129,0N296;-1132,0N297;-1135,0N298;-1138,0N302;-1141,0N305;-1143,0N309;-1144,0N313;-1144,0N317;-1145,0N321;-1146,0N324;-1147,0N328;-1149,0N331;-1149,0N333;-1150,0N335;-1152,0N339;-1157,0N342;-1160,0N343;-1162,0N343;-1164,0N345;-1167,0N345;-1170,0N345;-1172,0N345;-1175,0N346;-1179,0N348;-1182,0N352;-1186,0N355;-1190,0N358;-1193,0N358;-1196,0N360;-1200,0N363;-1203,0N364;-1207,0N364;-1211,0N365;-1215,0N366;-1218,0N367;-1219,0N368;-1221,0N370;-1223,0N370;-1227,0N371;-1230,0N373;-1232,0N374;-1237,0N375;-1243,0N379;-1249,0N383;-1250,0N386;-1252,0N387;-1254,0N386;-1257,0N384;-1259,0N380;-1262,0N377;-1264,0N374;-1267,0N374;-1270,0N373;-1273,0N372;-1277,0N372;-1282,0N370;-1285,0N369;-1289,0N367;-1293,0N364;-1296,0N364;-1299,0N364;-1303,0N365;-1307,0N365;-1311,0N364;-1314,0N365;-1318,0N364;-1322,0N364;-1326,0N362;-1329,0N360;-1332,0N360;-1334,0N360;-1338,0N359;-1342,0N360;-1346,0N360;-1350,0N360;-1353,0N361;-1357,0N362;-1361,0N362;-1364,0N364;-1364,0N366;-1362,0N369;-1363,0N369;-1364,0N367;-1363,0N364;-1363,0N359;-1363,0N354;-1364,0N350;-1365,0N344;-1365,0N341;-1365,0N337;-1366,0N335;-1367,0N333;-1369,0N330;-1371,0N327;-1373,0N324;-1375,0N320;-1374,0N318;-1375,0N315;-1374,0N312;-1373,0N310;-1373,0N308;-1373,0N306;-1373,0N302;-1372,0N300;-1371,0N297;-1371,0N296;-1371,0N294;-1372,0N291;-1373,0N290;-1373,0N287;-1373,0N284;-1373,0N281;-1373,0N277;-1371,0N271;-1368,0N268;-1368,0N265;-1369,0N261;-1370,0N258;-1371,0N254;-1371,0N252;-1371,0N249;-1372,0N245;-1375,0N242;-1376,0N239;-1373,0N236;-1371,0N234;-1369,0N230;-1366,0N227;-1364,0N222;-1361,0N218;-1360,0N215;-1360,0N212;-1363,0N210;-1367,0N207;-1369,0N204;-1370,0N201;-1369,0N197;-1369,0N194;-1370,0N188;-1370,0N185;-1371,0N183;-1372,0N181;-1372,0N178;-1372,0N175;-1374,0N174;-1374,0N174;-1375,0N173;-1376,0N172;-1375,0N170;-1373,0N168;-1371,0N165;-1370,0N164;-1370,0N163;-1370,0N162;-1369,0N161;-1368,0N161;-1365,0N163;-1363,0N165;-1361,0N167;-1359,0N169;-1356,0N169;-1356,0N168;-1358,0N167;-1360,0N166;-1363,0N166;-1365,0N166;-1368,0N166;-1372,0N164;-1374,0N164;-1376,0N161;-1377,0N160;-1380,0N162;-1379,0N164;-1378,0N165;-1377,0N167;-1378,0N169;-1380,0N170;-1382,0N171;-1381,0N172;-1382,0N173;-1380,0N175;-1378,0N176;-1376,0N176;-1374,0N177;-1372,0N180;-1370,0N181;-1368,0N182;-1366,0N183;-1365,0N184;-1365,0N184;-1368,0N185;-1370,0N185;-1373,0N187;-1375,0N187;-1378,0N187;-1381,0N185;-1385,0N183;-1387,0N183;-1390,0N184;-1391,0N184;-1391,0N185;-1392,0N186;-1392,0N187;-1395,0N185;-1396,0N183;-1398,0N179;-1400,0N177;-1401,0N175;-1402,0N172;-1403,0N170;-1405,0N166;-1405,0N162;-1405,0N157;-1403,0N155;-1402,0N154;-1399,0N153;-1396,0N152;-1394,0N151;-1391,0N152;-1388,0N152;-1384,0N150;-1380,0N149;-1379,0N149;-1377,0N147;-1376,0N147;-1372,0N145;-1368,0N144;-1365,0N145;-1363,0N145;-1360,0N145;-1358,0N146;-1356,0N148;-1354,0N150;-1353,0N150;-1351,0N149;-1350,0N151;-1348,0N152;-1347,0N153;-1345,0N156;-1346,0N157;-1347,0N158;-1349,0N159;-1347,0N159;-1346,0N158;-1344,0N159;-1341,0N160;-1339,0N161;-1336,0N163;-1334,0N164;-1334,0N165;-1334,0N164;-1332,0N162;-1330,0N160;-1327,0N158;-1324,0N156;-1321,0N154;-1318,0N154;-1313,0N155;-1308,0N156;-1303,0N158;-1300,0N160;-1297,0N161;-1293,0N162;-1291,0N164;-1288,0N165;-1285,0N166;-1281,0N168;-1276,0N169;-1272,0N170;-1268,0N172;-1265,0N174;-1261,0N176;-1258,0N177;-1254,0N180;-1251,0N184;-1249,0N186;-1249,0N185;-1248,0N184;-1247,0N182;-1248,0N179;-1247,0N176;-1246,0N172;-1245,0N169;-1244,0N165;-1244,0N164;-1243,0N165;-1239,0N166;-1234,0N165;-1231,0N164;-1227,0N162;-1223,0N159;-1220,0N156;-1217,0N152;-1216,0N149;-1214,0N146;-1215,0N144;-1218,0N140;-1221,0N137;-1222,0N133;-1222,0N129;-1223,0N127;-1221,0N126;-1218,0N124;-1216,0N122;-1213,0N118;-1211,0N114;-1211,0N111;-1210,0N107;-1209,0N104;-1209,0N101;-1210,0N96;-1211,0N92;-1210,0N88;-1211,0N84;-1208,0N80;-1207,0N79;-1207,0N75;-1206,0N72;-1206,0N69;-1205,0N65;-1206,0N62;-1206,0N59;-1205,0N60;-1204,0N59;-1202,0N58;-1199,0N58;-1196,0N58;-1191,0N58;-1187,0N58;-1182,0N58;-1180,0N59;-1177,0N61;-1175,0N65;-1174,0N69;-1171,0N72;-1169,0N75;-1165,0N78;-1162,0N81;-1158,0N85;-1154,0N89;-1154,0N92;-1153,0N96;-1153,0N100;-1154,0N103;-1153,0N106;-1150,0N108;-1147,0N110;-1145,0N113;-1143,0N116;-1141,0N119;-1137,0N121;-1133,0N124;-1129,0N127;-1126,0N128;-1123,0N128;-1124,0N128;-1126,0N128;-1129,0N125;-1129,0N123;-1127,0N122;-1124,0N119;-1120,0N120;-1116,0N122;-1112,0N124;-1108,0N125;-1103,0N125;-1100,0N126;-1098,0N127;-1097,0N127;-1095,0N128;-1092,0N127;-1089,0N128;-1085,0N128;-1082,0N128;-1080,0N130;-1076,0N133;-1074,0N135;-1071,0N133;-1068,0N131;-1064,0N131;-1062,0N131;-1061,0N130;-1059,0N128;-1057,0N128;-1052,0N129;-1049,0N128;-1045,0N128;-1040,0N128;-1035,0N128;-1031,0N128;-1027,0N128;-1022,0N127;-1019,0N127;-1014,0N128;-1008,0N128;-1002,0N128;-999,0N127;-995,0N126;-991,0N125;-988,0N125;-985,0N126;-980,0N127;-975,0N128;-969,0N130;-966,0N130;-963,0N131;-960,0N130;-957,0N128;-955,0N127;-954,0N125;-953,0N123;-952,0N123;-951,0N125;-948,0N127;-945,0N126;-942,0N127;-940,0N128;-937,0N130;-935,0N130;-932,0N131;-931,0N132;-929,0N133;-928,0N134;-927,0N135;-925,0N136;-922,0N137;-921,0N138;-919,0N140;-916,0N141;-912,0N142;-910,0N144;-905,0N145;-901,0N147;-897,0N147;-893,0N148;-888,0N149;-885,0N149;-880,0N150;-877,0N149;-872,0N148;-867,0N147;-862,0N146;-857,0N145;-854,0N146;-849,0N146;-845,0N145;-840,0N143;-835,0N141;-832,0N140;-831,0N138;-828,0N138;-826,0N137;-822,0N138;-817,0N138;-812,0N137;-809,0N138;-807,0N138;-805,0N138;-802,0N137;-800,0N137;-800,0N137;-799,0N137;-797,0N136;-795,0N135;-793,0N135;-792,0N135;-790,0N136;-789,0N136;-786,0N136;-784,0N136;-780,0N135;-776,0N135;-773,0N134;-769,0N134;-766,0N133;-765,0N133;-764,0N133;-761,0N133;-760,0N134;-757,0N135;-755,0N135;-752,0N135;-750,0N134;-747,0N136;-743,0N138;-739,0N139;-736,0N138;-734,0N138;-733,0N137;-733,0N135;-731,0N135;-729,0N134;-726,0N133;-726,0N132;-724,0N131;-723,0N129;-721,0N127;-721,0N125;-720,0N124;-721,0N123;-721,0N122;-722,0N122;-722,0N122;-722,0N123;-724,0N125;-726,0N125;-726,0N125;-726,0N124;-727,0N123;-726,0N122;-725,0N122;-723,0N122;-722,0N122;-724,0N120;-724,0N118;-724,0N116;-721,0N116;-718,0N117;-712,0N117;-707,0N118;-702,0N117;-696,0N118;-692,0N119;-688,0N120;-683,0N119;-680,0N119;-677,0N120;-672,0N120;-667,0N120;-663,0N121;-659,0N121;-655,0N123;-650,0N123;-645,0N124;-642,0N124;-640,0N123;-637,0N122;-634,0N122;-631,0N122;-627,0N121;-621,0N121;-616,0N119;-611,0N118;-608,0N119;-603,0N121;-599,0N122;-596,0N124;-593,0N125;-589,0N126;-588,0N127;-586,0N129;-582,0N131;-578,0N133;-574,0N134;-570,0N136;-565,0N138;-560,0N141;-555,0N143;-551,0N146;-548,0N149;-545,0N151;-542,0N154;-538,0N156;-535,0N158;-532,0N160;-529,0N162;-525,0N164;-521,0N166;-517,0N168;-513,0N171;-509,0N173;-505,0N176;-502,0N178;-498,0N180;-495,0N182;-492,0N185;-491,0N188;-490,0N191;-490,0N194;-489,0N196;-487,0N198;-486,0N200;-486,0N201;-489,0N204;-490,0N206;-491,0N206;-493,0N206;-495,0N205;-495,0N204;-494,0N204;-493,0N203;-491,0N202;-488,0N201;-485,0N200;-482,0N200;-480,0N201;-477,0N203;-475,0N203;-473,0N204;-470,0N203;-468,0N205;-465,0N205;-463,0N204;-461,0N202;-459,0N201;-456,0N201;-454,0N202;-452,0N202;-450,0N203;-448,0N205;-447,0N206;-445,0N206;-444,0N207;-442,0N208;-440,0N208;-437,0N208;-434,0N207;-433,0N206;-432,0N206;-433,0N206;-432,0N206;-431,0N206;-429,0N207;-427,0N209;-426,0N211;-423,0N211;-420,0N210;-420,0N209;-419,0N207;-417,0N206;-417,0N206;-415,0N206;-414,0N206;-412,0N206;-412,0N206;-408,0N205;-405,0N205;-402,0N205;-399,0N205;-395,0N205;-391,0N206;-385,0N207;-382,0N208;-379,0N209;-376,0N209;-373,0N209;-370,0N208;-367,0N209;-362,0N209;-358,0N210;-355,0N211;-352,0N213;-347,0N216;-343,0N218;-339,0N219;-337,0N221;-335,0N223;-334,0N225;-332,0N225;-329,0N227;-326,0N229;-324,0N231;-322,0N232;-321,0N233;-318,0N235;-315,0N236;-313,0N236;-314,0N237;-313,0N238;-313,0N239;-311,0N241;-309,0N242;-309,0N242;-308,0N243;-306,0N244;-305,0N245;-304,0N246;-303,0N247;-303,0N248;-302,0N249;-302,0N250;-302,0N251;-302,0N251;-301,0N252;-300,0N254;-300,0N255;-300,0N256;-299,0N258;-300,0N259;-300,0N260;-301,0N261;-301,0N262;-301,0N263;-302,0N264;-302,0N265;-303,0N266;-303,0N268;-303,0N269;-304,0N270;-304,0N271;-303,0N272;-303,0N274;-303,0N275;-303,0N276;-303,0N276;-303,0N278;-305,0N279;-306,0N281;-307,0N283;-308,0N286;-309,0N288;-309,0N291;-309,0N294;-309,0N297;-310,0N300;-309,0N303;-308,0N306;-308,0N309;-309,0N312;-311,0N314;-313,0N316;-316,0N319;-319,0N322;-316,0N324;-314,0N327;-315,0N330;-314,0N333;-314,0N336;-313,0N339;-314,0N342;-314,0N343;-313,0N345;-314,0N347;-313,0N349;-312,0N352;-314,0N355;-316,0N357;-315,0N358;-313,0N359;-312,0N361;-311,0N362;-309,0N362;-308,0N362;-308,0N361;-306,0N360;-303,0N360;-299,0N362;-295,0N364;-292,0N365;-288,0N366;-283,0N365;-280,0N365;-275,0N367;-270,0N370;-266,0N371;-263,0N373;-260,0N375;-256,0N377;-253,0N378;-249,0N378;-245,0N379;-242,0N381;-238,0N383;-234,0N386;-232,0N390;-227,0N390;-223,0N391;-220,0N391;-216,0N392;-211,0N393;-207,0N393;-201,0N393;-197,0N393;-194,0N391;-191,0N389;-187,0N386;-185,0N382;-182,0N378;-180,0N375;-175,0N372;-173,0N370;-169,0N368;-167,0N366;-164,0N363;-161,0N362;-156,0N360;-153,0N358;-150,0N354;-147,0N353;-143,0N352;-139,0N350;-136,0N349;-133,0N350;-129,0N350;-126,0N349;-124,0N350;-122,0N350;-121,0N349;-119,0N350;-117,0N349;-114,0N349;-111,0N349;-109,0N348;-107,0N347;-106,0N346;-106,0N344;-106,0N344;-106,0N343;-104,0N342;-104,0N343;-103,0N344;-102,0N345;-101,0N346;-101,0N346;-102,0N347;-103,0N348;-104,0N349;-105,0N350;-106,0N353;-106,0N356;-107,0N359;-106,0N362;-106,0N365;-106,0N367;-105,0N370;-106,0N374;-105,0N377;-104,0N381;-104,0N385;-104,0N388;-103,0N393;-103,0N397;-106,0N400;-108,0N403;-108,0N407;-109,0N411;-110,0N415;-112,0N417;-115,0N421;-117,0N424;-118,0N426;-118,0N428;-117,0N432;-117,0N436;-120,0N438;-122,0N440;-127,0N443;-130,0N446;-134,0N449;-136,0N453;-140,0N456;-143,0N459;-146,0N461;-149,0N465;-151,0N468;-154,0N472;-155,0N476;-155,0N480;-155,0N484;-157,0N488;-158,0N492;-157,0N496;-158,0N500;-158,0N504;-160,0N506;-163,0N510;-166,0N513;-169,0N518;-171,0N522;-173,0N527;-174,0N531;-174,0N536;-175,0N542;-175,0N545;-176,0N550;-176,0N555;-177,0N559;-178,0N564;-179,0N569;-179,0N574;-179,0N578;-179,0N583;-179,0N587;-180,0N591;-182,0N595;-184,0N599;-184,0N604;-184,0N608;-183,0N611;-181,0N615;-177,0N619;-173,0N621;-170,0N624;-168,0N627;-166,0N631;-165,0N634;-165,0N637;-165,0N639;-166,0N641;-167,0N642;-165,0N641;-165,0N642;-162,0N646;-159,0N650;-158,0N652;-156,0N652;-154,0N653;-154,0N652;-155,0N652;-156,0N652;-157,0N652;-160,0N651;-163,0N648;-165,0N647;-166,0N645;-167,0N643;-167,0N642;-168,0N639;-172,0N636;-174,0N634;-178,0N633;-180,0N631;-181,0N629;-182,0N627;-184,0N625;-188,0N624;-191,0N622;-196,0N620;-204,0N621;-204,0N622;-203,0N623;-204,0N623;-206,0N622;-206,0N623;-206,0N625;-206,0N627;-208,0N629;-210,0N632;-211,0N635;-213,0N638;-216,0N640;-217,0N643;-218,0N648;-219,0N652;-220,0N657;-221,0N662;-223,0N666;-224,0N670;-225,0N674;-226,0N677;-229,0N679;-232,0N681;-233,0N685;-232,0N690;-231,0N694;-233,0N698;-235,0N702;-237,0N703;-238,0N706;-239,0N710;-241,0N712;-243,0N712;-244,0N711;-246,0N710;-247,0N709;-249,0N707;-250,0N704;-250,0N702;-254,0N701;-257,0N699;-260,0N697;-262,0N695;-264,0N692;-265,0N689;-265,0N687;-265,0N686;-266,0N685;-268,0N686;-269,0N686;-266,0N687;-266,0N686;-265,0N686;-263,0N685;-262,0N686;-261,0N684;-265,0N682;-270,0N680;-268,0N679;-268,0N677;-267,0N677;-268,0N676;-268,0N675;-269,0N675;-270,0N675;-270,0N677;-268,0N678;-268,0N679;-269,0N678;-271,0N677;-273,0N677;-274,0N678;-274,0N679;-275,0N682;-277,0N684;-279,0N685;-280,0N687;-281,0N688;-281,0N690;-281,0N692;-283,0N692;-286,0N692;-289,0N691;-291,0N691;-292,0N689;-292,0N688;-292,0N686;-293,0N686;-295,0N684;-297,0N683;-297,0N682;-299,0N681;-300,0N680;-302,0N678;-303,0N677;-305,0N678;-307,0N678;-312,0N679;-315,0N678;-318,0N678;-320,0N678;-323,0N676;-326,0N674;-328,0N672;-332,0N668;-339,0N666;-343,0N663;-347,0N660;-351,0N658;-352,0N658;-353,0N655;-356,0N654;-359,0N655;-360,0N658;-362,0N661;-365,0N665;-368,0N668;-370,0N672;-373,0N675;-376,0N677;-378,0N678;-383,0N677;-389,0N673;-395,0N671;-396,0N669;-398,0N666;-399,0N662;-402,0N658;-406,0N655;-409,0N652;-413,0N650;-415,0N648;-419,0N646;-422,0N644;-424,0N640;-427,0N638;-429,0N635;-430,0N631;-434,0N628;-437,0N626;-439,0N621;-440,0N617;-442,0N614;-444,0N614;-448,0N610;-453,0N607;-456,0N605;-460,0N606;-463,0N608;-466,0N612;-469,0N615;-471,0N616;-474,0N615;-477,0N615;-480,0N615;-484,0N617;-486,0N618;-490,0N618;-493,0N620;-495,0N622;-497,0N622;-499,0N621;-499,0N618;-501,0N616;-503,0N613;-504,0N611;-507,0N609;-509,0N607;-512,0N606;-513,0N602;-513,0N598;-513,0N595;-512,0N592;-512,0N589;-511,0N587;-512,0N585;-512,0N583;-514,0N580;-513,0N577;-511,0N573;-509,0N570;-508,0N565;-507,0N562;-508,0N559;-511,0N556;-510,0N553;-508,0N548;-508,0N545;-505,0N541;-503,0N539;-500,0N536;-500,0N534;-497,0N530;-498,0N527;-497,0N524;-495,0N522;-495,0N518;-496,0N516;-495,0N511;-493,0N507;-492,0N504;-490,0N501;-488,0N498;-487,0N495;-486,0N492;-485,0N489;-485,0N485;-485,0N482;-486,0N479;-485,0N474;-484,0N470;-483,0N467;-483,0N463;-481,0N459;-481,0N456;-482,0N451;-483,0N448;-481,0N445;-480,0N442;-479,0N439;-477,0N434;-475,0N431;-473,0N428;-471,0N425;-469,0N422;-467,0N420;-467,0N418;-467,0N415;-468,0N411;-466,0N407;-466,0N404;-465,0N401;-465,0N398;-464,0N394;-462,0N392;-461,0N390;-462,0N388;-462,0N386;-462,0N382;-462,0N380;-463,0N378;-464,0N374;-465,0N370;-463,0N367;-464,0N363;-463,0N359;-462,0N355;-466,0N352;-465,0N349;-462,0N345;-460,0N342;-461,0N339;-460,0N336;-460,0N333;-460,0N329;-460,0N325;-458,0N322;-459,0N319;-459,0N317;-457,0N314;-456,0N309;-454,0N303;-451,0N302;-450,0N302;-452,0N302;-454,0N302;-454,0N301;-454,0N302;-455,0N302;-455,0N298;-456,0N296;-457,0N294;-460,0N291;-466,0N288;-470,0N287;-471,0N287;-472,0N287;-474,0N287;-476,0N287;-478,0N285;-480,0N284;-480,0N283;-478,0N282;-475,0N283;-473,0N285;-470,0N288;-467,0N291;-464,0N294;-461,0N297;-458,0N300;-453,0N303;-449,0N306;-446,0N309;-444,0N314;-440,0N316;-436,0N320;-434,0N322;-431,0N325;-428,0N327;-427,0N329;-425,0N331;-422,0N334;-421,0N340;-419,0N347;-419,0N352;-420,0N357;-421,0N360;-422,0N364;-423,0N367;-424,0N371;-425,0N374;-426,0N377;-428,0N380;-428,0N386;-430,0N389;-432,0N393;-432,0N394;-431,0N395;-430,0N395;-430,0N397;-429,0N397;-429,0N399;-427,0N400;-427,0N401;-425,0N401;-423,0N400;-420,0N399;-419,0N399;-418,0N398;-416,0N397;-414,0N398;-413,0N400;-414,0N402;-416,0N403;-419,0N404;-422,0N404;-423,0N404;-426,0N407;-429,0N409;-433,0N410;-437,0N410;-440,0N412;-444,0N416;-446,0N420;-449,0N421;-453,0N423;-455,0N426;-459,0N430;-462,0N432;-467,0N435;-471,0N439;-475,0N441;-478,0N444;-480,0N448;-484,0N451;-488,0N454;-491,0N457;-495,0N460;-500,0N463;-505,0N465;-507,0N468;-510,0N473;-513,0N477;-516,0N480;-518,0N484;-520,0N487;-522,0N492;-525,0N496;-529,0N500;-532,0N504;-535,0N508;-540,0N510;-545,0N512;-551,0N512;-557,0N509;-563,0N507;-566,0N504;-570,0N501;-572,0N498;-575,0N496;-578,0N496;-583,0N495;-587,0N495;-589,0N495;-593,0N495;-596,0N494;-600,0N494;-607,0N494;-613,0N493;-620,0N493;-628,0N492;-634,0N492;-638,0N491;-644,0N491;-648,0N492;-651,0N493;-654,0N491;-658,0N487;-661,0N483;-661,0N480;-660,0N477;-659,0N476;-660,0N474;-661,0N472;-662,0N470;-665,0N467;-665,0N464;-666,0N462;-668,0N460;-669,0N458;-671,0N457;-674,0N453;-677,0N450;-679,0N446;-683,0N443;-688,0N440;-690,0N438;-692,0N435;-693,0N432;-693,0N430;-694,0N427;-695,0N426;-696,0N425;-698,0N423;-699,0N421;-700,0N418;-702,0N415;-701,0N413;-702,0N410;-702,0N407;-702,0N406;-700,0N404;-701,0N403;-706,0N402;-714,0N400;-718,0N397;-720,0N395;-723,0N393;-726,0N391;-727,0N389;-728,0N388;-731,0N384;-733,0N381;-735,0N377;-737,0N374;-737,0N370;-741,0N366;-746,0N362;-750,0N358;-749,0N353;-749,0N348;-747,0N344;-745,0N340;-743,0N335;-742,0N331;-742,0N326;-743,0N322;-743,0N318;-746,0N315;-747,0N311;-745,0N308;-743,0N305;-742,0N303;-743,0N300;-744,0N297;-739,0N293;-736,0N292;-734,0N290;-733,0N286;-730,0N283;-728,0N281;-726,0N278;-723,0N274;-719,0N
