2|1|Brown|Rob Patterson|40022|880500_149_Rob Patterson||63:39|134;169;264;408;458;486;783;989;1113;1472;1534;1673;1736;2036;2248;2444;2522;2623;2830;2864;2954;3029;3129;3269;3421;3660;3772;3819
3|1|Brown|Jevgenijs Petrovs|42064|210768_123_Jevgenijs Petrovs||65:29|147;184;349;500;560;588;903;1117;1242;1629;1696;1810;1874;2170;2398;2588;2664;2771;2929;2958;3033;3095;3189;3411;3512;3763;3885;3929
4|1|Brown|Richard Barrett|45743|264231_192_Richard Barrett||65:49|140;176;413;566;619;651;938;1119;1237;1633;1698;1814;1871;2150;2376;2550;2628;2743;2930;2964;3044;3113;3213;3379;3527;3776;3898;3949
5|1|Brown|Alan Cherry|38582|179073_132_Alan Cherry||67:33|135;170;267;411;467;498;794;994;1125;1552;1679;1811;1874;2161;2372;2560;2656;2759;2952;2990;3068;3163;3281;3416;3604;3862;4005;4053
6|1|Brown|Julian Birkinshaw|36783|289687_87_Julian Birkinshaw||67:56|150;188;287;430;484;513;840;1052;1184;1545;1617;1738;1804;2150;2388;2573;2699;2850;3018;3098;3186;3267;3368;3495;3589;3872;4012;4076
7|1|Brown|Laurence Townley|40443|385831_39_Laurence Townley||72:05|159;197;306;474;529;566;909;1216;1342;1739;1813;1954;2024;2361;2616;2823;2913;3025;3226;3275;3364;3433;3557;3705;3819;4117;4282;4325
8|1|Brown|Jamie Parkinson|38944|314712_133_Jamie Parkinson||73:36|134;167;344;489;536;562;846;1052;1183;1526;1589;1988;2047;2330;2563;2769;2863;3041;3278;3317;3460;3529;3624;3766;3970;4210;4372;4416
9|1|Brown|Tony Burton|38042|189791_158_Tony Burton||74:36|142;180;284;430;498;535;868;1103;1258;1613;1691;1818;1915;2251;2486;2712;2802;2903;3083;3138;3235;3307;3414;3813;3950;4250;4424;4476
10|1|Brown|Tim Must|37203|159382_13_Tim Must||76:28|208;255;394;576;643;678;1032;1275;1412;1773;1900;2052;2125;2469;2727;2927;3020;3129;3330;3369;3467;3538;3634;3957;4064;4390;4536;4588
11|1|Brown|Emmit Andrews|37626|453421_161_Emmit Andrews||76:45|204;252;357;659;719;763;1105;1320;1466;1872;1984;2135;2206;2565;2813;3045;3144;3277;3506;3556;3653;3727;3838;3990;4092;4372;4557;4605
12|1|Brown|Michael Balling|40264|183049_129_Michael Balling||76:51|166;204;304;444;503;530;1133;1345;1475;1827;1897;2015;2077;2419;2638;2844;2928;3029;3216;3273;3365;3427;3548;3782;4108;4426;4563;4611
13|1|Brown|Chris Hooker|42723|451651_49_Chris Hooker||78:40|182;228;333;484;540;596;963;1191;1353;1790;1871;2038;2111;2473;2784;2999;3095;3351;3560;3598;3700;3778;3914;4090;4207;4517;4663;4720
14|1|Brown|Kevin Main|41404|_142_Kevin Main||81:04|166;207;438;596;651;689;1037;1329;1490;2029;2103;2311;2407;2738;2984;3173;3277;3413;3590;3623;3715;3849;3977;4244;4380;4642;4785;4864
15|1|Brown|Helen Gardner|45903|180780_193_Helen Gardner||81:25|173;215;328;516;584;620;1079;1319;1478;1878;1955;2118;2209;2602;2927;3179;3330;3461;3662;3709;3813;3899;3998;4163;4285;4612;4825;4885
16|1|Brown|Ian Marsden|39663|370972_61_Ian Marsden||82:06|164;207;326;521;595;630;1319;1552;1688;2061;2164;2329;2399;2770;3064;3275;3377;3483;3681;3726;3836;3911;4027;4193;4321;4632;4877;4926
17|1|Brown|Stephen Middleton|37324|_23_Stephen Middleton||82:52|182;229;344;509;575;621;1010;1268;1453;2054;2131;2272;2372;2738;2997;3228;3326;3451;3692;3737;3850;3935;4112;4280;4455;4745;4916;4972
18|1|Brown|Michael Muggeridge|37565|323131_59_Michael Muggeridge||84:20|209;260;408;594;663;701;1142;1401;1552;1973;2054;2212;2290;2674;2960;3178;3281;3390;3632;3671;3782;3870;4003;4295;4465;4787;5001;5060
19|1|Brown|Mark Collins|41887|450621_182_Mark Collins||84:39|200;247;358;606;661;693;1224;1552;1772;2200;2282;2459;2549;2943;3241;3461;3561;3688;3879;3913;4019;4102;4216;4414;4533;4854;5009;5079
20|1|Brown|Oliver O'Brien|45519|376781_194_Oliver O'Brien||85:07|189;229;342;490;556;590;1203;1412;1629;2053;2179;2321;2391;2739;2976;3227;3317;3446;3617;3685;3794;3915;4076;4389;4485;4849;5054;5107
21|1|Brown|Peter Chapman|39250|160751_69_Peter Chapman||85:47|423;460;575;735;794;886;1233;1483;1658;2092;2172;2345;2420;2800;3067;3276;3379;3512;3748;3811;3921;4012;4162;4333;4470;4827;5095;5147
22|1|Brown|Tom Dobra|41764|214281_55_Tom Dobra||86:46|317;360;474;686;745;787;1101;1620;1755;2189;2291;2497;2576;2901;3134;3422;3524;3689;3964;4028;4149;4230;4342;4542;4660;4969;5123;5206
23|1|Brown|Andrea Rebora|42186|457941_180_Andrea Rebora||89:58|167;209;331;516;574;646;1136;1411;1720;2349;2418;2578;2645;3058;3323;3545;3762;3894;4131;4179;4290;4391;4525;4708;4835;5157;5336;5398
24|1|Brown|Simon Errington|38162|182971_35_Simon Errington||90:27|155;194;305;474;535;570;952;1192;1368;1921;2000;2200;2284;2678;2999;3256;3366;3496;3700;3769;3882;3970;4098;4451;4600;5204;5358;5427
25|1|Brown|Anthony Maycraft|40203|420592_25_Anthony Maycraft||92:06|201;253;371;595;669;712;1339;1591;1762;2250;2329;2523;2611;3040;3355;3643;3761;3902;4154;4204;4336;4434;4606;4784;4940;5284;5458;5526
26|1|Brown|Gavin Hurley|39725|430447_100_Gavin Hurley||93:11|279;330;452;700;763;806;1176;1433;1593;2012;2111;2327;2409;2820;3092;3366;3460;3597;3854;3901;4024;4125;4259;4579;4814;5153;5538;5591
27|1|Brown|Jon Chandler|41702|972930_112_Jon Chandler||93:18|410;464;580;778;844;881;1249;1503;1658;2096;2269;2483;2556;2899;3207;3535;3699;3826;4082;4127;4230;4328;4505;4803;4970;5363;5540;5598
28|1|Brown|Andy Robinson|41643|135381_167_Andy Robinson||94:42|203;260;399;628;723;775;1211;1542;1720;2264;2375;2544;2631;3043;3348;3734;3849;4023;4332;4389;4513;4617;4760;4928;5058;5409;5620;5682
29|1|Brown|Paul Beckett|38286|215421_85_Paul Beckett||95:49|225;287;402;579;644;684;1503;1756;1914;2386;2552;2728;2801;3143;3478;3698;3801;3951;4218;4289;4389;4483;4655;4950;5137;5476;5675;5749
30|1|Brown|Jacob Sharpe|45256|399241_8_Jacob Sharpe||95:56|189;236;364;596;659;714;1094;1518;1669;2129;2202;2443;2554;2954;3284;3740;3974;4124;4315;4366;4489;4573;4748;4970;5179;5533;5705;5756
31|1|Brown|Evan Barlow|44644|891287_189_Evan Barlow||96:37|193;250;354;528;591;719;1228;1831;2007;2408;2489;2694;2799;3216;3517;3849;3998;4135;4356;4399;4505;4597;4749;5009;5171;5508;5739;5797
32|1|Brown|Ric Brackenbury|44286|470131_148_Ric Brackenbury||97:18|190;250;358;550;617;657;1178;1454;1597;2014;2108;2270;2340;2796;3382;3605;3764;3887;4132;4244;4432;4626;4766;5060;5252;5578;5782;5838
33|1|Brown|Tom Beskeen|36666|_150_Tom Beskeen||97:38|197;247;374;572;641;710;1154;1398;1798;2271;2392;2574;2663;3480;3764;4048;4159;4293;4476;4530;4669;4766;4906;5075;5210;5609;5809;5858
34|1|Brown|Stu Levene|44747|130618_1_Stu Levene||99:24|226;283;442;744;856;929;1323;1616;1802;2297;2385;2592;2726;3106;3381;3674;3794;3958;4237;4285;4398;4491;4666;5154;5324;5682;5906;5964
35|1|Brown|Kevin Cordina|42665|181957_81_Kevin Cordina||100:14|162;209;367;629;706;749;1121;1412;1632;2078;2430;2649;2747;3177;3493;3845;3977;4222;4492;4550;4653;4750;4935;5229;5465;5784;5964;6014
36|1|Brown|Jayne Sales|39903|347741_143_Jayne Sales||110:43|229;285;456;693;772;818;1293;1611;1849;2333;2416;2630;2796;3292;3620;4007;4165;4368;4733;4849;5020;5113;5278;5787;5965;6349;6573;6643
37|1|Brown|Ian Byford|38824|116209_53_Ian Byford||113:50|203;258;412;651;727;798;1348;1630;2134;2668;2763;2960;3068;3507;3876;4208;4360;4496;4736;4795;4964;5076;5305;5910;6117;6549;6763;6830
38|1|Brown|Graham Perry|40328|395281_90_Graham Perry||114:56|499;566;707;1020;1107;1153;1810;2165;2406;2917;3106;3339;3490;3933;4262;4565;4690;4867;5127;5216;5355;5465;5625;5849;6295;6648;6843;6896
39|1|Brown|Christopher Poole|39010|439941_93_Christopher Poole||116:38|521;574;711;969;1041;1123;1563;2128;2339;2995;3145;3339;3445;3902;4241;4492;4876;5078;5341;5395;5542;5700;5929;6151;6332;6730;6945;6998
40|1|Brown|Kevin Parkes|46041|416081_47_Kevin Parkes||121:10|258;316;630;852;926;975;1400;1705;2144;2632;2733;2958;3063;3670;4244;4517;4649;4909;5325;5369;5497;5591;5732;5936;6160;6870;7196;7270
41|1|Brown|Sue Carter|38884|143749_73_Sue Carter||129:58|375;433;610;866;948;999;1422;1772;2147;2614;2705;2915;3028;3687;4057;4486;4699;4884;5293;5351;5505;5714;5936;6804;7058;7462;7718;7798
42|1|Brown|Clive Gibbard|38348|_11_Clive Gibbard||137:57|317;375;551;1288;1360;1533;1940;2299;2718;3169;3248;3660;3777;4209;5277;5687;5826;6017;6284;6392;6567;6716;6863;7277;7528;7906;8213;8277
43|1|Brown|Raffaella Marin|42365|457942_181_Raffaella Marin||139:08|322;383;575;901;1017;1073;1556;1952;2351;2906;3239;3462;3581;4093;4613;4920;5160;5369;5749;5834;5999;6122;6372;6989;7620;8019;8277;8348
44|1|Brown|Neil Brooks|37865|332301_10_Neil Brooks||82:50|164;200;293;509;651;977;1252;1424;1793;1866;2002;2088;2432;2685;2978;3091;3212;3531;3583;3690;3790;3941;4126;4445;4736;4907;4970
45|1|Brown|Mark Adams|43683|172571_26_Mark Adams||83:27|170;215;341;534;600;1018;1264;1421;1860;1933;2138;2220;2635;2918;3143;3258;3372;3559;3626;3742;3821;3931;4326;4442;4792;4949;5007
46|1|Brown|Ken Wickham|37810|228581_46_Ken Wickham||185:47|490;581;815;1181;1418;1531;2524;3090;4573;5620;5841;6188;6346;7521;8169;8822;9341;10572;11011;11147
47|2|Blue|Colin Dickson|42483|407041_102_Colin Dickson||52:21|143;270;373;442;588;673;933;1192;1334;1543;1614;1825;1935;2005;2082;2232;2324;2390;2531;2748;2985;3078;3141
48|2|Blue|Samuel Fielding|36422|152136_196_Samuel Fielding||56:15|126;264;368;433;598;631;905;1058;1183;1397;1513;1869;1954;2028;2100;2237;2437;2504;2620;2823;3181;3309;3375
49|2|Blue|Alun Jones|41884|190361_41_Alun Jones||65:56|141;446;564;673;845;886;1190;1372;1502;1723;1795;2034;2125;2209;2308;2486;2663;2843;2982;3288;3726;3898;3956
50|2|Blue|Charlie Turner|41164|139371_52_Charlie Turner||67:32|165;303;435;511;693;749;1038;1280;1407;1663;1817;2067;2172;2257;2344;2500;2629;2712;2839;3141;3819;3942;4052
51|2|Blue|Helen Marsden|39665|370971_60_Helen Marsden||69:53|172;358;490;580;779;823;1167;1430;1601;1904;2007;2298;2414;2509;2605;2814;2942;3022;3191;3577;3926;4125;4193
52|2|Blue|Jim Prowting|42844|132851_75_Jim Prowting||70:02|192;348;488;570;759;813;1181;1818;1945;2188;2272;2508;2608;2707;2816;2976;3083;3203;3358;3676;3982;4131;4202
53|2|Blue|Don McKerrow|40505|428381_172_Don McKerrow||70:20|187;364;489;580;803;880;1220;1471;1663;1910;2021;2284;2401;2505;2595;2792;2919;3010;3163;3674;4003;4147;4220
54|2|Blue|Axel Blomquist|42303|421492_109_Axel Blomquist||70:20|148;306;425;493;668;716;995;1175;1298;1514;1621;1833;1979;2057;2143;2308;2405;2822;3430;3691;3998;4154;4220
55|2|Blue|Maria Pereverzina|39303|144740_125_Maria Pereverzina||71:00|155;346;468;542;732;772;1164;1343;1572;1979;2129;2403;2530;2623;2725;2937;3108;3246;3402;3700;4056;4190;4260
56|2|Blue|Mike Jones|40926|386161_62_Mike Jones||71:07|313;452;586;668;866;907;1244;1470;1649;1970;2045;2308;2427;2509;2598;2958;3084;3182;3334;3661;4035;4199;4267
57|2|Blue|James Errington|38223|182973_37_James Errington||72:59|218;545;701;776;1038;1076;1403;1604;1742;2191;2259;2509;2628;2705;2788;2954;3053;3158;3302;3832;4137;4299;4379
58|2|Blue|Paul Langston|38044|267411_29_Paul Langston||73:02|213;406;539;624;825;906;1286;1525;1700;1981;2111;2383;2516;2609;2723;2936;3079;3232;3401;3688;4089;4314;4382
59|2|Blue|Martin Wilson|38284|103741_84_Martin Wilson||73:32|155;324;481;742;965;1005;1365;1542;1679;2140;2227;2461;2565;2655;2732;2901;2999;3103;3280;3764;4200;4326;4412
60|2|Blue|Becky Young|38464|456945_117_Becky Young||73:34|768;967;1101;1178;1375;1411;1773;1970;2134;2366;2455;2778;2882;2966;3049;3267;3365;3468;3598;3838;4152;4361;4414
61|2|Blue|David Frampton|38407|171448_19_David Frampton||74:54|622;857;1000;1079;1287;1347;1737;1971;2176;2440;2557;2793;2923;3013;3122;3317;3413;3524;3658;3907;4269;4438;4494
62|2|Blue|Elisabeth Dickson|42063|407042_103_Elisabeth Dickson||75:27|167;370;514;596;838;891;1225;1623;1782;2119;2250;2529;2647;2757;2872;3112;3239;3358;3540;3882;4273;4415;4527
63|2|Blue|Tom Edelsten|39484|135111_114_Tom Edelsten||76:20|214;446;588;671;909;959;1376;1610;1788;2160;2266;2524;2638;2750;2893;3092;3200;3296;3476;3770;4355;4502;4580
64|2|Blue|Colin Webster|42004|404791_44_Colin Webster||76:48|216;394;544;636;848;897;1245;1501;1698;2100;2214;2484;2634;2755;2854;3099;3312;3427;3590;3897;4361;4517;4608
65|2|Blue|Paul Rushmer|39244|467081_113_Paul Rushmer||76:55|177;342;457;572;759;806;1212;1671;1924;2267;2360;2682;2800;2888;3002;3197;3331;3410;3583;3882;4389;4552;4615
66|2|Blue|Beth Hanson|43078|127264_34_Beth Hanson||77:53|347;492;646;718;964;998;1303;1872;2191;2447;2523;2716;2892;2982;3065;3227;3330;3407;3555;3930;4495;4611;4673
67|2|Blue|Alwyn Challacombe|39727|332361_71_Alwyn Challacombe||78:34|181;428;631;710;944;1007;1387;1892;2093;2373;2481;2750;2920;3023;3121;3389;3524;3647;3809;4087;4457;4641;4714
68|2|Blue|Mike Capper|41282|152721_98_Mike Capper||79:01|215;409;680;765;984;1030;1414;1957;2102;2375;2467;2759;2882;2972;3076;3324;3431;3678;3830;4169;4522;4662;4741
69|2|Blue|Nigel Bush|43923|325121_104_Nigel Bush||79:16|414;543;694;771;960;1004;1279;1619;1776;2381;2455;2711;2981;3122;3233;3400;3496;3624;3831;4107;4527;4685;4756
70|2|Blue|Ian Farrell|41044|422181_174_Ian Farrell||79:56|186;381;514;608;826;903;1266;1636;1904;2238;2347;2655;2798;2905;3036;3240;3385;3467;3625;4120;4548;4733;4796
71|2|Blue|Andrew Welsh|37875|436341_83_Andrew Welsh||80:22|180;600;728;803;997;1039;1347;1709;2244;2551;2654;2901;3020;3110;3213;3372;3486;3675;3847;4179;4604;4747;4822
72|2|Blue|Brian Palmer|38346|142021_58_Brian Palmer||80:26|501;676;824;915;1154;1213;1551;1772;1959;2242;2351;2618;2758;2880;3055;3321;3459;3599;3804;4210;4591;4732;4826
73|2|Blue|Bruce Snelling|41768|_183_Bruce Snelling||80:55|241;649;782;861;1088;1163;1534;1727;2082;2411;2538;2815;3011;3118;3238;3474;3603;3684;3829;4165;4570;4766;4855
74|2|Blue|Neill Wates|44527|448561_190_Neill Wates||82:15|343;577;734;830;1095;1143;1456;1697;1854;2428;2547;2893;3022;3131;3274;3477;3596;3699;3885;4248;4620;4816;4935
75|2|Blue|Peter Wilson|39184|103801_106_Peter Wilson||82:34|212;408;605;706;950;1018;1468;1727;1917;2487;2594;2914;3059;3169;3281;3508;3663;3763;3925;4263;4709;4883;4954
76|2|Blue|Ali Lea|41824|455141_110_Ali Lea||82:53|221;397;550;674;923;977;1361;1594;1785;2129;2272;2574;2806;2932;3045;3305;3441;3594;3846;4240;4617;4892;4973
77|2|Blue|Mike Bennett|44646|457281_119_Mike Bennett||83:26|383;568;682;761;979;1015;1323;2160;2394;2661;2734;2979;3096;3181;3284;3460;3572;3661;3797;4123;4763;4929;5006
78|2|Blue|Laura Parkes|39126|416084_136_Laura Parkes||83:49|220;410;566;693;957;1025;1532;1819;2034;2432;2549;2913;3070;3192;3321;3557;3708;3817;3981;4345;4757;4938;5029
79|2|Blue|Adam Leaf|37325|455671_27_Adam Leaf||85:08|202;375;520;646;892;932;1406;2016;2208;2572;2683;3003;3124;3219;3337;3566;3698;3800;3980;4309;4709;5037;5108
80|2|Blue|Carl Bootland|38945|116099_131_Carl Bootland||86:50|725;938;1067;1199;1403;1460;1790;1985;2159;2962;3077;3389;3508;3599;3682;3887;4008;4123;4279;4520;5028;5156;5210
81|2|Blue|Richard Harris|40627|389038_54_Richard Harris||87:08|250;602;955;1051;1271;1344;1668;2110;2303;2922;3045;3296;3398;3492;3632;3923;4035;4111;4275;4585;4981;5167;5228
82|2|Blue|Brian Hodge|40567|460041_108_Brian Hodge||88:10|207;422;567;657;1012;1064;1546;1814;2012;2331;2412;2681;2812;2923;3023;3277;3416;3513;4246;4604;5029;5222;5290
83|2|Blue|Roger Parish|41958|750626_138_Roger Parish||88:11|237;470;697;835;1125;1282;1653;1901;2127;2447;2588;2908;3043;3143;3239;3581;3799;3882;4060;4434;5047;5230;5291
84|2|Blue|Miranda Leaf|37563|455661_28_Miranda Leaf||88:40|196;552;719;893;1212;1262;1768;2030;2172;2663;2788;3116;3258;3353;3473;3694;3829;4006;4171;4540;5056;5259;5320
85|2|Blue|Jane Lambert|42725|461443_50_Jane Lambert||89:55|280;474;637;732;968;1027;1402;1660;1886;2663;2766;3048;3247;3349;3459;3690;3825;4039;4335;4743;5137;5325;5395
86|2|Blue|Tanya Taylor|39007|307871_169_Tanya Taylor||90:39|342;679;792;869;1120;1191;1596;1892;2257;2798;2887;3296;3477;3575;3663;3878;3997;4379;4526;4815;5199;5370;5439
87|2|Blue|Graham Batty|37624|222931_141_Graham Batty||91:50|428;641;869;977;1236;1300;1675;1971;2136;2854;2951;3334;3465;3589;3746;4034;4172;4303;4463;4809;5220;5414;5510
88|2|Blue|David Hodson|40323|479632_101_David Hodson||92:06|285;519;899;1002;1253;1307;1783;2044;2323;2601;2710;2974;3115;3225;3340;3652;3794;4171;4349;4854;5260;5469;5526
89|2|Blue|David Heale|41704|455041_31_David Heale||92:19|318;605;751;865;1142;1258;1588;1821;2053;2609;2736;3020;3160;3367;3481;3678;3878;4186;4500;4829;5277;5459;5539
90|2|Blue|Helen Errington|46026|182972_36_Helen Errington||92:32|315;527;1002;1115;1394;1455;1841;2069;2387;2751;2889;3256;3409;3516;3620;3952;4075;4166;4341;4671;5279;5462;5552
91|2|Blue|Garry Parmenter|38584|276551_32_Garry Parmenter||92:34|208;412;657;808;1063;1112;1637;2318;2739;3090;3205;3506;3652;3765;3879;4105;4257;4361;4530;4893;5302;5475;5554
92|2|Blue|Doug Greenwood|40384|405226_92_Doug Greenwood||93:39|302;537;725;828;1202;1260;1765;2074;2319;2663;2886;3256;3443;3586;3736;4008;4177;4304;4507;4872;5391;5543;5619
93|2|Blue|John Duffield|39065|141411_9_John Duffield||95:13|192;492;640;763;966;1009;1415;1906;2090;2880;3067;3387;3531;3653;3779;4048;4212;4368;4540;4911;5429;5604;5713
94|2|Blue|Barry Breed|44022|203491_21_Barry Breed||96:18|304;468;627;741;1060;1164;1733;2167;2389;2772;2927;3267;3410;3517;3639;4038;4180;4330;4587;5050;5469;5640;5778
95|2|Blue|Peter Riches|39423|286941_163_Peter Riches||96:19|298;512;681;797;1062;1117;1603;2454;2735;3075;3187;3525;3677;3805;3925;4155;4320;4444;4636;5040;5532;5695;5779
96|2|Blue|Neil Watts|37040|955801_151_Neil Watts||98:01|491;673;823;953;1196;1243;1733;2027;2280;2699;2881;3204;3369;3499;3641;3862;4005;4103;4933;5292;5648;5812;5881
97|2|Blue|Ian Smith|38525|388651_45_Ian Smith||99:47|234;431;653;747;1118;1173;1866;2618;2803;3129;3242;3559;3700;3815;3929;4161;4311;4415;4576;4924;5684;5894;5987
98|2|Blue|Alastair Houlding|42367|_184_Alastair Houlding||101:56|293;741;899;1048;1296;1345;1748;2026;2337;2639;2739;3066;3713;3835;4033;4303;4439;4606;4775;5256;5816;6000;6116
99|2|Blue|Sandra Vogel|38115|189792_156_Sandra Vogel||117:36|765;1107;1267;1392;1721;1772;2263;2783;3056;3711;3823;4170;4398;4511;4675;4994;5142;5290;5712;6163;6722;6921;7056
100|2|Blue|Neville Young|40446|456771_76_Neville Young||119:26|282;501;653;797;1164;1274;1737;2210;2515;2986;3153;3494;3685;3817;4005;4310;4496;4673;5021;5403;6833;7069;7166
101|2|Blue|Ruth Rhodes|42669|275331_111_Ruth Rhodes||130:14|363;655;1131;1298;1693;1786;2409;2808;3059;3569;3729;4169;4367;4557;4705;5029;5252;5403;5691;6237;6825;7681;7814
102|2|Blue|John Evans|40265|658336_88_John Evans||130:51|218;572;708;1022;1336;1397;1926;2211;2533;2846;2964;3245;3635;3752;4451;4775;5012;5142;6382;6810;7590;7783;7851
103|2|Blue|Michael White|39545|416191_89_Michael White||169:20|362;843;1138;1334;1846;1964;2939;3766;4088;4680;5010;5579;5850;6101;6324;6797;7088;7398;7809;8622;9614;9993;10160
104|2|Blue|David Cave-Ayland|38172|465851_157_David Cave-Ayland||78:42|191;458;601;981;1278;1341;1686;1935;2114;2383;2484;2754;2879;2979;3280;3448;3552;3788;4131;4500;4658;4722
105|2|Blue|Neil Gostick|43274|314421_168_Neil Gostick||79:45|181;357;489;577;760;804;1102;2580;2825;2903;3150;3315;3405;3477;3626;3733;3816;3997;4247;4545;4725;4785
106|3|Green|Linda Pakuls|43685|269551_77_Linda Pakuls||54:46|135;273;406;439;606;684;731;1139;1359;1670;1760;1853;2000;2099;2378;2972;3138;3208;3286
107|3|Green|Andrew Cummings|37926|182481_155_Andrew Cummings||55:11|124;239;388;427;681;769;820;1219;1480;1738;1820;1930;2027;2160;2494;3009;3162;3226;3311
108|3|Green|Anna Chapman|45973|160752_70_Anna Chapman||63:08|102;214;356;401;616;695;746;1142;1392;1658;1733;1846;1961;2162;2604;3506;3659;3713;3788
109|3|Green|John Russell|38105|415612_66_John Russell||65:06|135;316;500;549;772;939;995;1397;1634;1936;2020;2124;2242;2400;2804;3519;3739;3793;3906
110|3|Green|Gillian Hanson|37383|304031_33_Gillian Hanson||65:44|614;720;860;908;1104;1183;1244;1636;1906;2164;2270;2391;2578;2731;3089;3628;3808;3879;3944
111|3|Green|Hedley Calderbank|37864|101381_24_Hedley Calderbank||66:07|128;224;367;415;677;797;851;1193;1405;1651;1762;1925;2032;2167;2480;3169;3357;3891;3967
112|3|Green|Ray Curtis|42604|381491_63_Ray Curtis||66:34|153;307;465;521;762;895;979;1466;1693;1996;2108;2227;2401;2571;3024;3643;3832;3920;3994
113|3|Green|Mark Thompson|39426|390981_165_Mark Thompson||66:38|133;277;488;536;767;859;916;1334;1606;1906;2012;2143;2278;2447;2937;3582;3795;3903;3998
114|3|Green|Dawn Figg|37984|410601_120_Dawn Figg||66:52|134;279;633;675;974;1055;1108;1513;1746;2047;2137;2252;2397;2519;2919;3617;3844;3904;4012
115|3|Green|Dave Tookey|43159|374321_57_Dave Tookey||66:55|211;336;498;549;744;837;890;1342;1607;2084;2173;2290;2430;2557;2909;3508;3872;3938;4015
116|3|Green|Mike Elliot|44524|135631_188_Mike Elliot||69:36|128;242;415;451;676;779;842;1375;1646;1941;2036;2181;2335;2487;3157;3802;4010;4088;4176
117|3|Green|Isabel Green|37745|_153_Isabel Green||72:49|207;361;515;585;807;895;965;1388;1654;1940;2043;2155;2439;2672;3376;3993;4216;4285;4369
118|3|Green|Luke Barrows|36785|_105_Luke Barrows||73:44|137;245;423;494;798;891;944;1364;1563;1849;2093;2193;2385;2570;3588;4089;4275;4328;4424
119|3|Green|Michael Hill|37566|281061_130_Michael Hill||73:59|394;551;723;798;1068;1183;1236;1696;2018;2340;2465;2632;2794;2948;3342;4057;4270;4339;4439
120|3|Green|Greg Birdseye|38406|165691_171_Greg Birdseye||74:33|122;272;735;943;1175;1280;1351;1733;1981;2279;2382;2510;2642;2841;3481;4062;4309;4404;4473
121|3|Green|Val Challacombe|39963|332362_72_Val Challacombe||76:03|187;321;484;523;754;850;907;1475;1838;2469;2598;2704;2855;2969;3340;3982;4180;4458;4563
122|3|Green|Helen Nisbet|38764|404251_79_Helen Nisbet||78:49|172;343;521;597;898;1020;1082;1525;1842;2166;2292;2430;2581;2765;3609;4248;4472;4623;4729
123|3|Green|Tom M'Caw|39786|595404_145_Tom M'Caw||80:07|279;383;569;609;812;884;928;1576;1828;2083;2167;2250;2352;2693;3751;4499;4678;4733;4807
124|3|Green|Jane Breed|37815|203492_22_Jane Breed||82:15|173;311;519;566;836;952;1021;1527;1900;2231;2362;2536;2680;2863;3510;4498;4726;4813;4935
125|3|Green|Josh Milner|38887|_137_Josh Milner||84:15|128;226;619;658;1197;1251;1297;2652;2917;3132;3222;3367;3507;3708;4070;4589;4769;4970;5055
126|3|Green|Teresa Turner|41223|139372_51_Teresa Turner||87:11|148;291;647;697;1014;1120;1200;1678;1944;2565;2665;2837;3002;3475;4113;4793;5062;5141;5231
127|3|Green|Philip Young|38473|456941_115_Philip Young||87:26|184;334;562;627;1020;1194;1269;1902;2222;2552;2670;2911;3100;3294;3932;4822;5034;5145;5246
128|3|Green|Annika Hermik|40268|196452_91_Annika Hermik||90:18|202;363;585;660;983;1112;1169;1673;1967;2374;2491;2657;2818;3213;4098;4864;5149;5328;5418
129|3|Green|Julie Collins|41165|450622_179_Julie Collins||90:39|213;627;820;863;1324;1484;1610;2136;2446;2777;2905;3121;3308;3925;4409;5073;5283;5355;5439
130|3|Green|Helen Hampton|39066|427671_159_Helen Hampton||92:15|167;385;604;669;957;1088;1151;1636;2138;2798;2943;3114;3286;3493;4337;5138;5366;5446;5535
131|3|Green|Barbara Fothergill|38046|215422_86_Barbara Fothergill||92:17|175;373;574;621;904;1021;1093;1606;1914;2305;2416;2600;2733;2945;3956;4744;5336;5436;5537
132|3|Green|Chris Burgues|41046|264061_122_Chris Burgues||94:12|161;315;495;549;861;970;1040;1617;1902;2735;2839;2967;3149;3354;4615;5231;5456;5538;5652
133|3|Green|Geoff Goodwin|42486|477021_128_Geoff Goodwin||94:15|132;783;908;958;1219;1521;1575;2020;2313;2650;2753;3041;3212;3465;4337;4903;5306;5590;5655
134|3|Green|Rachel Pickles|41285|_99_Rachel Pickles||98:37|143;348;531;556;924;982;1026;1490;1687;1951;2042;2647;2814;2997;4369;5179;5777;5844;5917
135|3|Green|Penny Parkes|37685|416082_48_Penny Parkes||104:19|585;759;980;1034;1851;1959;2041;2593;2952;3296;3430;3639;3799;3965;4617;5431;5766;6157;6259
136|3|Green|Alex Vai|38825|_134_Alex Vai||110:35|226;495;1284;1314;1604;1873;1944;2527;2806;3119;3891;3997;4201;4420;4870;5921;6106;6535;6635
137|3|Green|John Hardy|41945|176511_118_John Hardy||113:10|197;699;932;983;1329;1478;1582;2136;2484;2950;3125;3292;3446;3636;4271;6009;6373;6653;6790
138|3|Green|Paul Lau|39005|_139_Paul Lau||136:44|132;463;631;669;2591;2685;2720;3698;3938;4214;5242;5451;5641;5794;7067;7665;7973;8132;8204
139|3|Green|Alex Cheadle|38947|_135_Alex Cheadle||180:18|181;1003;1252;1294;1789;1855;2083;4422;4821;5316;5430;5581;5797;6136;6967;9542;10444;10700;10818
140|3|Green|John Chappell|37139|175081_14_John Chappell||64:05|134;235;378;428;646;717;760;1162;1817;2126;2255;3845
141|3|Green|Jeffrey Baker|39124|185405_166_Jeffrey Baker||76:16|135;259;502;545;802;931;1024;1549;2603;2703;2855;2963;3137;3619;4168;4374;4499;4576
142|4|Short Green|Julie Warwick-Munday|38648|467421_164_Julie Warwick-Munday||77:50|578;806;853;1014;1629;1682;2042;2636;2925;3327;3677;4253;4500;4650;4670
143|4|Short Green|Barbara Page|39368|100652_195_Barbara Page||81:38|440;704;768;1010;1313;1407;1850;2529;2873;3373;3763;4390;4747;4868;4898
144|4|Short Green|Alison Curtis|42605|381492_64_Alison Curtis||92:26|249;466;522;733;1016;1129;1540;2567;2887;4203;4531;5184;5439;5525;5546
145|4|Short Green|Geraldine Russell|38109|415611_65_Geraldine Russell||93:05|291;499;543;1049;1315;1419;1803;2762;3068;3879;4696;5210;5418;5548;5585
146|4|Short Green|Jack Isbester|39013|153391_152_Jack Isbester||93:40|455;840;967;1284;1681;1785;2203;2876;3199;3796;4249;5204;5468;5590;5620
147|4|Short Green|Lois Matthews|39129|860886_146_Lois Matthews||107:34|1001;2176;2292;2687;2948;3020;3500;4247;4538;4954;5396;6015;6305;6429;6454
148|4|Short Green|Jennifer Taylor|39846|196041_124_Jennifer Taylor||109:51|459;748;877;1205;1666;1758;2635;3403;3779;4594;5091;6100;6428;6550;6591
149|4|Short Green|Bernard Potter|38950|206321_68_Bernard Potter||111:20|592;845;920;1251;1739;1835;2291;2987;3455;3885;4377;5911;6375;6549;6680
150|4|Short Green|Daniel Figg|37924|458661_121_Daniel Figg||142:58|940;1354;1471;1730;3982;4087;4810;5412;5733;6698;7103;8151;8470;8563;8578
151|5|Light Green|Josh M'Caw|39784|645317_144_Josh M'Caw||53:05|231;406;615;676;858;1042;1540;1791;1932;2205;2459;2593;2910;3078;3172;3185
152|5|Light Green|Gary Jenkins|37024|463991_67_Gary Jenkins||58:47|345;515;754;822;1003;1149;1403;1628;1752;2087;2635;2795;3157;3362;3510;3527
153|5|Light Green|James O'Higgins|38167|333861_74_James O'Higgins||69:58|441;621;1140;1308;1509;1700;2085;2340;2461;2748;3007;3230;3608;4050;4178;4198
154|5|Light Green|Gemma Gostick + 1|37630|314423_160_Gemma Gostick + 1||76:16|498;694;1078;1345;1571;1805;2566;2868;2997;3319;3547;3773;4159;4460;4560;4576
155|5|Light Green|John Magill|45136|_191_John Magill||94:19|897;1131;1399;1594;1933;2150;2815;3256;3406;3804;4348;4576;5157;5494;5628;5659
156|5|Light Green|Rosemary Beardow|38467|456942_116_Rosemary Beardow||94:23|923;1209;1542;1649;1955;2268;2739;3110;3241;3699;4368;4574;5156;5447;5628;5663
157|5|Light Green|Matthew Harden|37991|_162_Matthew Harden||94:56|482;748;1684;1833;2024;2244;2741;3070;3274;3946;4265;4486;5070;5430;5677;5696
158|5|Light Green|Anne-Marie Hillier|39069|103802_107_Anne-Marie Hillier||115:51|1452;1921;2403;2558;2875;3220;3653;4258;4448;4900;5410;5639;6332;6646;6912;6951
159|5|Light Green|Lynn Houlding|42370|_185_Lynn Houlding||126:53|578;942;1350;1496;1894;2837;3996;4412;4693;5757;6337;6577;7066;7376;7562;7613
160|5|Light Green|Rosalind Short|40627|_173_Rosalind Short||171:44|1562;3040;3480;3620;3973;4232;4975;5554;5975;8077;8918;9106;9738;9970;10285;10304
161|6|Orange|Robert Young|38466|456946_126_Robert Young||38:17|173;399;512;619;693;793;934;1074;1190;1405;1551;1802;1973;2175;2234;2282;2297
162|6|Orange|Laura Bayne|44044|981607_17_Laura Bayne||57:37|236;488;658;816;1022;1133;1370;1613;1758;1965;2256;2539;2873;3107;3391;3441;3457
163|6|Orange|Alex Matthews|39127|823815_147_Alex Matthews||85:53|358;1492;1755;1927;2232;2461;2701;2949;3159;3691;3923;4254;4550;4933;5029;5133;5153
164|6|Orange|Chris Haynes|36664|_97_Chris Haynes||89:31|610;1171;1611;1858;2095;2272;2516;2861;3071;3401;3747;4327;4598;5085;5216;5334;5371
165|6|Orange|Jonathan Haynes|36663|_96_Jonathan Haynes||89:32|608;1177;1610;1857;2091;2276;2515;2867;3062;3396;3749;4327;4597;5082;5223;5333;5372
166|6|Orange| Sina|40641|_175_ Sina||90:02|420;769;1089;1525;1687;1909;2144;2520;2645;3731;4239;4582;4814;5195;5321;5370;5402
167|6|Orange|Elysa Mozooni|40742|_178_Elysa Mozooni||114:31|582;1148;1885;3169;3274;3447;3736;4032;4208;4555;4875;5855;6138;6552;6694;6850;6871
168|6|Orange|Sachly Mozooni|41014|_176_Sachly Mozooni||156:07|459;1042;5562;5797;5964;6105;6420;6758;7058;7391;7703;8110;8359;8842;9193;9334;9367
169|6|Orange|Alex Fielding|39365|119143_5_Alex Fielding||59:13|303;588;769;918;1026;1342;1507;1724;1846;2925;3032;3190;3420;3473;3533;3553
170|6|Orange|Angela Dyer|40570|_127_Angela Dyer||117:50|614;2333;2603;2988;3250;3514;4215;4402;4693;4944;6779;6899;7031;7070
171|7|Yellow|Francesca Bayne|44044|145916_15_Francesca Bayne||41:20|249;456;663;830;919;1142;1392;1579;1810;1997;2082;2336;2464;2480
172|7|Yellow|Francis Townley|40574|114361_40_Francis Townley||51:46|162;414;531;886;987;1166;1364;1511;2520;2596;2671;2978;3093;3106
173|7|Yellow|Joseph Fielding|40514|465938_7_Joseph Fielding||84:02|531;807;1265;1625;1822;2251;2772;3200;3647;3995;4146;4732;4991;5042
174|7|Yellow|Georgina + Danny|37745|_154_Georgina + Danny||87:57|562;870;1421;1779;2038;2358;2822;3191;4141;4372;4606;5032;5240;5277
175|7|Yellow|Alastair Pittaway|42898|_187_Alastair Pittaway||60:12|0;2267;2395;2672;2923;3024;3388;3566;3612
176|8|White|Kate Frampton|38525|158472_18_Kate Frampton||18:42|187;271;394;532;577;740;813;920;989;1102;1122
177|8|White|Ben Gostick|39603|_170_Ben Gostick||19:13|86;174;317;548;586;739;829;962;1063;1138;1153
178|8|White|William Chandler|42367|_186_William Chandler||23:34|115;206;337;538;568;749;841;951;1063;1379;1414
179|8|White|Tegan Frampton|38584|572379_20_Tegan Frampton||28:33|135;218;341;475;520;688;782;893;987;1677;1713
180|8|White|Peter Errington|38344|182974_38_Peter Errington||32:31|113;448;606;743;801;1228;1315;1465;1564;1663;1951
181|8|White|Amelia Cordina|39408|388316_82_Amelia Cordina||39:43|271;417;767;1009;1079;1345;1546;1796;2072;2310;2383
182|8|White|Oliver Cordina|39411|132418_80_Oliver Cordina||39:44|250;410;769;1003;1087;1336;1537;1805;2059;2334;2384
183|8|White|Matteo Rebora|42064|115336_177_Matteo Rebora||44:51|234;389;584;1201;1264;1554;1791;2099;2311;2661;2691
50122|3|| GPS Helen Nisbet|38764|||||1496;-1094,0N1495;-1094,0N1496;-1095,0N1495;-1095,0N1493;-1095,0N1493;-1095,0N1493;-1095,0N1492;-1094,0N1491;-1093,0N1489;-1091,0N1489;-1089,0N1488;-1087,0N1487;-1084,0N1487;-1080,0N1488;-1078,0N1489;-1073,0N1489;-1069,0N1490;-1065,0N1491;-1061,0N1493;-1060,0N1495;-1056,0N1497;-1051,0N1498;-1045,0N1495;-1038,0N1497;-1032,0N1496;-1028,0N1497;-1025,0N1498;-1022,0N1498;-1019,0N1497;-1015,0N1498;-1013,0N1498;-1009,0N1500;-1006,0N1501;-1004,0N1503;-1001,0N1504;-998,0N1504;-996,0N1505;-994,0N1508;-990,0N1509;-987,0N1511;-985,0N1513;-983,0N1515;-981,0N1517;-978,0N1518;-975,0N1520;-972,0N1520;-970,0N1520;-968,0N1519;-967,0N1517;-965,0N1514;-963,0N1513;-960,0N1512;-959,0N1510;-958,0N1508;-956,0N1505;-952,0N1504;-948,0N1504;-944,0N1506;-940,0N1511;-939,0N1514;-936,0N1514;-936,0N1512;-933,0N1511;-932,0N1511;-931,0N1511;-928,0N1511;-927,0N1511;-927,0N1512;-924,0N1512;-920,0N1514;-917,0N1514;-915,0N1516;-913,0N1519;-911,0N1520;-909,0N1522;-907,0N1524;-904,0N1525;-900,0N1528;-895,0N1529;-889,0N1530;-884,0N1532;-879,0N1533;-875,0N1534;-872,0N1535;-868,0N1537;-864,0N1537;-861,0N1537;-858,0N1538;-856,0N1537;-854,0N1537;-851,0N1538;-849,0N1539;-846,0N1542;-843,0N1541;-841,0N1543;-840,0N1545;-837,0N1544;-836,0N1542;-833,0N1541;-831,0N1539;-828,0N1535;-825,0N1533;-823,0N1530;-820,0N1528;-819,0N1527;-817,0N1527;-814,0N1527;-813,0N1526;-810,0N1526;-806,0N1529;-802,0N1533;-799,0N1536;-796,0N1538;-791,0N1541;-788,0N1545;-790,0N1546;-790,0N1549;-790,0N1548;-789,0N1548;-788,0N1548;-787,0N1544;-786,0N1541;-787,0N1537;-787,0N1532;-786,0N1527;-787,0N1523;-789,0N1521;-788,0N1517;-789,0N1513;-790,0N1511;-793,0N1506;-793,0N1502;-792,0N1498;-791,0N1496;-791,0N1492;-790,0N1488;-790,0N1484;-789,0N1479;-788,0N1475;-786,0N1472;-784,0N1468;-783,0N1464;-781,0N1460;-779,0N1456;-778,0N1453;-776,0N1450;-772,0N1447;-768,0N1443;-766,0N1440;-764,0N1437;-763,0N1434;-762,0N1431;-759,0N1428;-756,0N1427;-754,0N1422;-752,0N1418;-750,0N1414;-749,0N1410;-747,0N1405;-745,0N1399;-743,0N1395;-742,0N1391;-741,0N1385;-741,0N1383;-739,0N1378;-739,0N1375;-738,0N1372;-737,0N1368;-734,0N1367;-732,0N1362;-729,0N1359;-726,0N1357;-722,0N1356;-719,0N1356;-714,0N1357;-710,0N1357;-708,0N1358;-707,0N1360;-704,0N1362;-702,0N1364;-700,0N1365;-697,0N1367;-695,0N1369;-692,0N1372;-690,0N1373;-687,0N1374;-684,0N1374;-682,0N1375;-680,0N1377;-677,0N1379;-675,0N1379;-673,0N1378;-670,0N1378;-668,0N1376;-665,0N1374;-663,0N1373;-660,0N1370;-660,0N1367;-660,0N1364;-660,0N1361;-660,0N1358;-659,0N1355;-659,0N1352;-659,0N1350;-658,0N1349;-658,0N1347;-656,0N1345;-654,0N1344;-653,0N1344;-650,0N1342;-646,0N1341;-643,0N1340;-639,0N1340;-636,0N1339;-631,0N1338;-628,0N1336;-626,0N1334;-624,0N1330;-623,0N1330;-622,0N1326;-621,0N1324;-618,0N1322;-616,0N1321;-614,0N1319;-611,0N1317;-609,0N1316;-607,0N1313;-604,0N1313;-603,0N1311;-603,0N1306;-600,0N1300;-598,0N1296;-597,0N1291;-598,0N1287;-597,0N1283;-597,0N1281;-595,0N1279;-593,0N1278;-590,0N1278;-588,0N1279;-586,0N1280;-582,0N1278;-579,0N1277;-579,0N1275;-578,0N1273;-577,0N1271;-576,0N1269;-575,0N1267;-573,0N1265;-572,0N1263;-571,0N1264;-570,0N1264;-566,0N1264;-564,0N1264;-562,0N1262;-561,0N1259;-560,0N1257;-560,0N1254;-560,0N1250;-559,0N1246;-558,0N1245;-557,0N1242;-555,0N1240;-555,0N1238;-553,0N1235;-553,0N1233;-553,0N1230;-552,0N1227;-550,0N1226;-549,0N1225;-546,0N1223;-545,0N1221;-544,0N1221;-543,0N1220;-542,0N1219;-542,0N1217;-542,0N1216;-541,0N1215;-541,0N1214;-539,0N1214;-537,0N1213;-535,0N1211;-533,0N1211;-533,0N1210;-534,0N1208;-533,0N1207;-533,0N1205;-533,0N1204;-533,0N1202;-532,0N1200;-530,0N1200;-529,0N1199;-529,0N1198;-528,0N1197;-527,0N1198;-526,0N1198;-522,0N1198;-520,0N1197;-520,0N1195;-520,0N1192;-518,0N1192;-515,0N1192;-514,0N1192;-516,0N1189;-514,0N1187;-513,0N1186;-511,0N1185;-511,0N1184;-511,0N1182;-509,0N1183;-509,0N1179;-508,0N1177;-508,0N1175;-506,0N1171;-506,0N1168;-504,0N1166;-504,0N1164;-501,0N1162;-498,0N1162;-496,0N1159;-493,0N1156;-493,0N1152;-491,0N1150;-489,0N1147;-489,0N1144;-490,0N1137;-491,0N1134;-488,0N1132;-486,0N1130;-485,0N1128;-483,0N1125;-483,0N1123;-483,0N1122;-484,0N1119;-486,0N1119;-487,0N1115;-488,0N1114;-492,0N1111;-493,0N1111;-495,0N1107;-492,0N1106;-491,0N1104;-492,0N1104;-491,0N1106;-489,0N1108;-491,0N1107;-493,0N1107;-497,0N1107;-501,0N1108;-504,0N1108;-508,0N1108;-510,0N1110;-514,0N1112;-515,0N1113;-519,0N1117;-521,0N1117;-522,0N1120;-523,0N1120;-525,0N1121;-529,0N1120;-531,0N1120;-534,0N1123;-538,0N1124;-538,0N1126;-541,0N1124;-543,0N1123;-545,0N1121;-550,0N1121;-552,0N1121;-556,0N1121;-560,0N1121;-563,0N1122;-567,0N1123;-570,0N1122;-573,0N1120;-576,0N1117;-580,0N1114;-582,0N1110;-587,0N1110;-589,0N1112;-592,0N1110;-594,0N1109;-596,0N1105;-597,0N1101;-599,0N1098;-600,0N1095;-602,0N1091;-603,0N1087;-603,0N1083;-607,0N1078;-607,0N1072;-609,0N1067;-608,0N1061;-608,0N1055;-611,0N1051;-613,0N1048;-617,0N1046;-622,0N1044;-628,0N1045;-634,0N1045;-640,0N1045;-643,0N1046;-647,0N1046;-651,0N1046;-653,0N1044;-657,0N1042;-661,0N1042;-668,0N1037;-672,0N1033;-676,0N1029;-679,0N1024;-681,0N1019;-685,0N1014;-687,0N1009;-688,0N1005;-689,0N1001;-688,0N997;-689,0N990;-690,0N984;-691,0N979;-690,0N973;-691,0N968;-692,0N962;-694,0N957;-695,0N952;-698,0N948;-699,0N946;-700,0N942;-701,0N938;-703,0N934;-706,0N930;-708,0N927;-709,0N925;-711,0N920;-714,0N918;-717,0N914;-717,0N910;-718,0N907;-716,0N905;-719,0N901;-721,0N899;-724,0N898;-727,0N897;-732,0N898;-737,0N899;-743,0N898;-746,0N898;-751,0N900;-754,0N898;-757,0N898;-761,0N897;-765,0N897;-768,0N898;-772,0N901;-775,0N903;-778,0N905;-781,0N906;-784,0N907;-786,0N907;-791,0N907;-795,0N907;-799,0N907;-804,0N907;-808,0N908;-811,0N908;-815,0N909;-819,0N909;-823,0N909;-826,0N908;-830,0N908;-834,0N908;-837,0N907;-841,0N906;-845,0N905;-849,0N905;-853,0N905;-857,0N903;-861,0N900;-864,0N898;-865,0N895;-866,0N892;-867,0N888;-865,0N883;-864,0N878;-864,0N875;-864,0N871;-864,0N870;-866,0N867;-870,0N865;-874,0N862;-876,0N860;-877,0N858;-879,0N855;-882,0N852;-883,0N849;-885,0N846;-887,0N842;-888,0N839;-891,0N835;-891,0N832;-891,0N828;-891,0N823;-892,0N820;-892,0N818;-892,0N815;-893,0N813;-895,0N811;-896,0N809;-899,0N808;-902,0N806;-905,0N804;-904,0N802;-906,0N801;-907,0N798;-904,0N798;-902,0N795;-899,0N793;-897,0N792;-895,0N789;-894,0N786;-894,0N785;-893,0N782;-892,0N779;-889,0N777;-887,0N773;-887,0N769;-883,0N766;-879,0N764;-875,0N762;-871,0N763;-864,0N765;-860,0N768;-856,0N771;-852,0N774;-847,0N775;-841,0N778;-836,0N778;-832,0N776;-830,0N773;-828,0N768;-828,0N765;-827,0N758;-826,0N753;-823,0N747;-821,0N744;-817,0N737;-814,0N732;-814,0N726;-813,0N721;-811,0N717;-809,0N712;-808,0N707;-806,0N701;-804,0N693;-803,0N688;-801,0N684;-798,0N680;-796,0N676;-794,0N672;-792,0N669;-790,0N666;-789,0N665;-787,0N662;-784,0N659;-782,0N656;-781,0N651;-780,0N647;-778,0N643;-777,0N637;-776,0N631;-775,0N626;-774,0N620;-773,0N614;-772,0N609;-772,0N606;-772,0N601;-773,0N599;-774,0N599;-775,0N598;-775,0N597;-775,0N596;-775,0N597;-775,0N596;-777,0N596;-778,0N596;-781,0N596;-779,0N597;-775,0N598;-772,0N597;-768,0N594;-765,0N590;-763,0N586;-763,0N585;-765,0N584;-768,0N583;-770,0N581;-773,0N580;-774,0N580;-776,0N580;-777,0N580;-779,0N578;-780,0N575;-781,0N575;-784,0N572;-784,0N570;-785,0N568;-786,0N565;-786,0N564;-788,0N561;-791,0N559;-794,0N557;-798,0N553;-800,0N550;-800,0N547;-801,0N545;-800,0N542;-802,0N541;-803,0N539;-803,0N536;-804,0N535;-804,0N533;-803,0N533;-802,0N534;-802,0N535;-802,0N536;-801,0N538;-800,0N542;-799,0N545;-796,0N548;-794,0N548;-793,0N548;-790,0N548;-788,0N549;-785,0N549;-784,0N550;-781,0N550;-778,0N549;-775,0N550;-772,0N551;-770,0N552;-767,0N555;-762,0N554;-759,0N553;-756,0N550;-753,0N548;-750,0N544;-747,0N542;-746,0N536;-745,0N533;-745,0N528;-744,0N524;-743,0N522;-741,0N520;-739,0N516;-739,0N513;-738,0N509;-737,0N505;-735,0N502;-733,0N499;-731,0N495;-730,0N493;-729,0N489;-728,0N485;-727,0N482;-727,0N479;-727,0N475;-727,0N472;-725,0N469;-724,0N468;-724,0N465;-724,0N461;-722,0N460;-721,0N457;-719,0N454;-718,0N450;-716,0N447;-715,0N444;-713,0N441;-713,0N439;-711,0N436;-710,0N432;-710,0N429;-710,0N425;-709,0N422;-711,0N419;-712,0N416;-713,0N414;-713,0N412;-716,0N412;-719,0N410;-722,0N408;-724,0N407;-727,0N405;-728,0N405;-730,0N403;-732,0N401;-734,0N399;-735,0N399;-739,0N398;-742,0N397;-745,0N396;-747,0N393;-749,0N391;-750,0N388;-749,0N385;-749,0N382;-749,0N380;-749,0N376;-750,0N372;-750,0N371;-751,0N368;-750,0N364;-750,0N362;-751,0N360;-750,0N358;-749,0N358;-748,0N356;-747,0N355;-746,0N354;-744,0N352;-743,0N349;-743,0N349;-744,0N348;-747,0N348;-750,0N347;-751,0N344;-751,0N344;-751,0N341;-751,0N340;-751,0N338;-751,0N333;-751,0N331;-751,0N328;-751,0N325;-752,0N323;-754,0N322;-758,0N319;-760,0N317;-763,0N314;-765,0N311;-770,0N308;-772,0N307;-775,0N306;-778,0N307;-781,0N306;-785,0N305;-787,0N305;-791,0N305;-794,0N306;-795,0N307;-800,0N308;-802,0N309;-806,0N312;-809,0N313;-811,0N316;-813,0N319;-814,0N323;-817,0N327;-818,0N330;-821,0N333;-823,0N337;-825,0N340;-827,0N343;-831,0N348;-839,0N350;-842,0N354;-844,0N354;-847,0N353;-848,0N352;-851,0N349;-853,0N347;-855,0N345;-858,0N342;-860,0N340;-862,0N339;-865,0N338;-868,0N337;-870,0N336;-872,0N335;-875,0N335;-878,0N335;-882,0N335;-885,0N334;-890,0N334;-893,0N332;-896,0N331;-898,0N331;-899,0N330;-900,0N330;-902,0N330;-903,0N330;-905,0N329;-908,0N327;-911,0N326;-914,0N325;-918,0N323;-923,0N323;-924,0N322;-927,0N322;-928,0N321;-931,0N321;-933,0N320;-936,0N320;-939,0N319;-944,0N317;-949,0N316;-953,0N316;-957,0N316;-959,0N317;-961,0N318;-963,0N319;-968,0N322;-970,0N322;-971,0N325;-972,0N326;-974,0N328;-974,0N331;-976,0N333;-977,0N336;-980,0N338;-981,0N340;-983,0N342;-985,0N343;-988,0N343;-990,0N344;-993,0N345;-994,0N347;-995,0N349;-999,0N350;-1001,0N353;-1005,0N354;-1007,0N355;-1009,0N356;-1013,0N359;-1016,0N362;-1019,0N362;-1021,0N365;-1024,0N367;-1025,0N368;-1027,0N370;-1030,0N373;-1030,0N376;-1032,0N377;-1035,0N381;-1038,0N383;-1041,0N383;-1046,0N383;-1052,0N386;-1057,0N388;-1059,0N389;-1065,0N389;-1071,0N388;-1074,0N388;-1077,0N389;-1081,0N390;-1083,0N394;-1083,0N395;-1085,0N394;-1087,0N394;-1090,0N397;-1092,0N400;-1094,0N402;-1094,0N404;-1094,0N404;-1094,0N405;-1094,0N406;-1091,0N409;-1089,0N409;-1086,0N410;-1085,0N412;-1083,0N413;-1082,0N414;-1080,0N416;-1079,0N416;-1079,0N420;-1076,0N420;-1075,0N420;-1075,0N422;-1074,0N422;-1073,0N423;-1071,0N424;-1069,0N426;-1065,0N429;-1063,0N431;-1060,0N434;-1059,0N437;-1056,0N439;-1056,0N441;-1055,0N443;-1053,0N444;-1052,0N446;-1051,0N448;-1050,0N449;-1048,0N451;-1046,0N452;-1044,0N454;-1042,0N456;-1040,0N457;-1040,0N459;-1040,0N461;-1039,0N463;-1038,0N464;-1037,0N465;-1037,0N467;-1036,0N466;-1035,0N468;-1034,0N467;-1032,0N469;-1031,0N471;-1030,0N472;-1028,0N475;-1027,0N475;-1025,0N478;-1023,0N481;-1022,0N482;-1022,0N486;-1023,0N487;-1022,0N489;-1019,0N490;-1017,0N491;-1015,0N492;-1012,0N493;-1011,0N495;-1008,0N497;-1006,0N500;-1005,0N501;-1004,0N502;-1003,0N505;-1002,0N507;-1000,0N509;-998,0N510;-993,0N511;-991,0N514;-989,0N515;-986,0N517;-985,0N518;-981,0N519;-978,0N521;-977,0N521;-973,0N520;-971,0N521;-968,0N522;-966,0N525;-962,0N528;-959,0N532;-956,0N535;-954,0N537;-951,0N538;-951,0N541;-948,0N542;-947,0N543;-945,0N544;-943,0N545;-944,0N546;-943,0N546;-941,0N546;-940,0N546;-939,0N546;-938,0N546;-938,0N545;-937,0N542;-936,0N541;-936,0N542;-937,0N547;-940,0N551;-941,0N553;-944,0N555;-947,0N557;-949,0N559;-951,0N560;-953,0N562;-955,0N562;-958,0N565;-960,0N568;-962,0N572;-966,0N575;-968,0N579;-972,0N583;-976,0N586;-977,0N590;-979,0N594;-980,0N598;-984,0N603;-985,0N608;-984,0N614;-984,0N620;-981,0N625;-982,0N630;-982,0N633;-985,0N637;-985,0N639;-987,0N640;-990,0N643;-993,0N645;-996,0N647;-998,0N649;-1000,0N653;-1001,0N656;-1003,0N660;-1006,0N663;-1009,0N666;-1009,0N668;-1011,0N671;-1012,0N675;-1014,0N678;-1016,0N682;-1016,0N686;-1019,0N688;-1019,0N690;-1020,0N690;-1019,0N688;-1017,0N685;-1015,0N683;-1013,0N679;-1010,0N674;-1007,0N670;-1002,0N665;-999,0N660;-996,0N655;-993,0N653;-989,0N652;-987,0N654;-983,0N657;-980,0N662;-976,0N665;-972,0N668;-966,0N672;-962,0N674;-957,0N674;-953,0N676;-948,0N676;-943,0N676;-939,0N677;-933,0N680;-928,0N682;-922,0N683;-917,0N682;-911,0N681;-905,0N679;-900,0N676;-895,0N672;-892,0N669;-888,0N668;-882,0N667;-878,0N665;-874,0N665;-868,0N665;-861,0N667;-856,0N667;-852,0N667;-850,0N667;-849,0N667;-847,0N667;-844,0N666;-840,0N666;-834,0N665;-828,0N665;-823,0N665;-818,0N666;-813,0N667;-809,0N670;-804,0N671;-798,0N673;-790,0N674;-784,0N677;-780,0N678;-774,0N678;-767,0N679;-762,0N682;-757,0N685;-750,0N688;-745,0N690;-743,0N692;-739,0N693;-736,0N694;-735,0N695;-732,0N692;-729,0N693;-725,0N695;-721,0N696;-718,0N698;-716,0N701;-712,0N701;-711,0N704;-708,0N706;-707,0N709;-705,0N712;-703,0N714;-701,0N716;-700,0N719;-697,0N723;-695,0N726;-693,0N728;-691,0N732;-690,0N735;-689,0N737;-688,0N741;-686,0N744;-685,0N748;-683,0N750;-681,0N754;-680,0N757;-678,0N760;-677,0N763;-678,0N768;-676,0N771;-675,0N774;-674,0N778;-673,0N780;-670,0N784;-670,0N786;-669,0N789;-666,0N793;-665,0N796;-663,0N799;-661,0N802;-660,0N806;-660,0N809;-658,0N813;-659,0N817;-657,0N817;-657,0N817;-657,0N817;-657,0N817;-656,0N817;-656,0N817;-656,0N817;-656,0N817;-655,0N817;-654,0N817;-653,0N816;-652,0N816;-650,0N816;-648,0N816;-646,0N814;-645,0N814;-644,0N812;-643,0N811;-642,0N810;-642,0N810;-641,0N810;-640,0N809;-641,0N810;-643,0N810;-646,0N808;-649,0N807;-649,0N806;-651,0N806;-651,0N805;-653,0N804;-655,0N803;-656,0N802;-659,0N799;-659,0N795;-661,0N792;-662,0N789;-660,0N788;-659,0N786;-658,0N783;-655,0N782;-654,0N780;-653,0N778;-653,0N776;-654,0N774;-654,0N772;-655,0N770;-653,0N769;-652,0N768;-652,0N767;-652,0N765;-652,0N765;-651,0N764;-651,0N763;-652,0N762;-652,0N760;-653,0N761;-652,0N762;-652,0N763;-652,0N764;-653,0N764;-654,0N766;-657,0N764;-656,0N763;-657,0N762;-656,0N760;-656,0N759;-655,0N757;-656,0N755;-655,0N754;-656,0N752;-656,0N750;-656,0N749;-654,0N747;-654,0N746;-652,0N744;-650,0N745;-648,0N745;-645,0N743;-645,0N743;-643,0N741;-642,0N740;-641,0N740;-639,0N740;-637,0N740;-634,0N739;-633,0N739;-633,0N739;-633,0N738;-633,0N737;-636,0N737;-638,0N736;-640,0N738;-642,0N739;-645,0N740;-648,0N741;-650,0N742;-653,0N743;-655,0N744;-659,0N746;-661,0N749;-664,0N750;-667,0N751;-670,0N750;-675,0N749;-678,0N745;-680,0N741;-683,0N735;-688,0N729;-692,0N722;-696,0N713;-701,0N708;-706,0N702;-711,0N699;-716,0N696;-720,0N695;-724,0N697;-727,0N700;-728,0N701;-731,0N703;-732,0N706;-735,0N708;-734,0N711;-735,0N714;-737,0N717;-739,0N721;-741,0N725;-743,0N730;-746,0N736;-747,0N741;-750,0N746;-751,0N752;-753,0N756;-755,0N761;-757,0N766;-759,0N770;-762,0N774;-763,0N779;-765,0N782;-765,0N787;-766,0N788;-770,0N791;-774,0N791;-777,0N793;-782,0N795;-788,0N796;-793,0N797;-797,0N797;-803,0N795;-807,0N794;-811,0N792;-814,0N790;-818,0N789;-821,0N787;-822,0N785;-826,0N785;-830,0N785;-831,0N787;-834,0N790;-835,0N793;-836,0N795;-836,0N798;-838,0N802;-839,0N807;-840,0N813;-841,0N818;-842,0N824;-846,0N828;-847,0N833;-849,0N838;-850,0N843;-852,0N847;-853,0N850;-855,0N854;-857,0N858;-858,0N863;-859,0N865;-860,0N869;-861,0N874;-861,0N878;-863,0N883;-865,0N890;-866,0N896;-866,0N901;-868,0N905;-869,0N908;-870,0N912;-872,0N915;-874,0N918;-876,0N921;-879,0N924;-880,0N928;-880,0N931;-881,0N932;-883,0N935;-884,0N939;-886,0N944;-887,0N946;-889,0N950;-890,0N955;-891,0N959;-893,0N964;-894,0N969;-896,0N972;-898,0N976;-900,0N979;-903,0N983;-904,0N985;-905,0N990;-905,0N993;-907,0N997;-907,0N1000;-908,0N1004;-909,0N1011;-912,0N1015;-913,0N1020;-915,0N1025;-916,0N1030;-920,0N1036;-921,0N1042;-922,0N1048;-924,0N1053;-924,0N1056;-925,0N1060;-926,0N1065;-928,0N1071;-929,0N1078;-932,0N1084;-934,0N1088;-937,0N1093;-941,0N1099;-945,0N1105;-948,0N1110;-949,0N1114;-952,0N1119;-954,0N1125;-955,0N1131;-957,0N1135;-959,0N1140;-960,0N1146;-961,0N1151;-962,0N1157;-965,0N1162;-969,0N1168;-972,0N1174;-975,0N1179;-975,0N1185;-976,0N1192;-977,0N1197;-978,0N1202;-981,0N1206;-983,0N1210;-985,0N1213;-985,0N1215;-987,0N1218;-990,0N1219;-994,0N1220;-998,0N1222;-1003,0N1225;-1009,0N1226;-1016,0N1225;-1022,0N1228;-1026,0N1231;-1030,0N1231;-1035,0N1230;-1039,0N1229;-1044,0N1230;-1046,0N1233;-1049,0N1235;-1053,0N1237;-1055,0N1239;-1056,0N1242;-1057,0N1246;-1058,0N1250;-1059,0N1255;-1061,0N1259;-1062,0N1263;-1064,0N1266;-1065,0N1269;-1067,0N1272;-1070,0N1274;-1072,0N1274;-1075,0N1275;-1076,0N1275;-1078,0N1274;-1080,0N1274;-1082,0N1274;-1084,0N1274;-1086,0N1275;-1090,0N1276;-1093,0N1276;-1096,0N1277;-1099,0N1279;-1100,0N1280;-1102,0N1282;-1104,0N1284;-1105,0N1287;-1106,0N1290;-1107,0N1292;-1108,0N1293;-1109,0N1295;-1112,0N1297;-1115,0N1297;-1113,0N1298;-1112,0N1301;-1112,0N1302;-1110,0N1305;-1110,0N1307;-1109,0N1310;-1109,0N1312;-1110,0N1312;-1111,0N1315;-1113,0N1318;-1115,0N1320;-1119,0N1322;-1121,0N1324;-1124,0N1326;-1127,0N1328;-1128,0N1331;-1129,0N1334;-1130,0N1336;-1131,0N1339;-1132,0N1341;-1134,0N1343;-1136,0N1345;-1139,0N1346;-1142,0N1348;-1145,0N1348;-1148,0N1348;-1151,0N1351;-1153,0N1352;-1154,0N1353;-1157,0N1354;-1159,0N1358;-1160,0N1362;-1162,0N1365;-1162,0N1368;-1163,0N1368;-1166,0N1371;-1169,0N1372;-1171,0N1374;-1173,0N1376;-1175,0N1379;-1178,0N1382;-1182,0N1384;-1184,0N1386;-1184,0N1389;-1183,0N1392;-1186,0N1396;-1187,0N1395;-1190,0N1396;-1192,0N1396;-1194,0N1396;-1197,0N1398;-1201,0N1400;-1203,0N1401;-1205,0N1401;-1208,0N1400;-1212,0N1400;-1216,0N1397;-1219,0N1396;-1221,0N1393;-1224,0N1394;-1227,0N1397;-1229,0N1400;-1230,0N1403;-1231,0N1407;-1232,0N1410;-1233,0N1413;-1231,0N1415;-1231,0N1416;-1228,0N1417;-1227,0N1418;-1225,0N1420;-1225,0N1420;-1225,0N1418;-1224,0N1417;-1224,0N1416;-1226,0N1415;-1228,0N1414;-1229,0N1411;-1232,0N1409;-1232,0N1405;-1232,0N1403;-1232,0N1399;-1233,0N1398;-1233,0N1396;-1234,0N1393;-1236,0N1393;-1236,0N1393;-1236,0N1393;-1237,0N1393;-1238,0N1393;-1238,0N1393;-1239,0N1393;-1239,0N1393;-1240,0N1396;-1241,0N1400;-1242,0N1401;-1241,0N1404;-1243,0N1406;-1244,0N1407;-1246,0N1407;-1249,0N1407;-1251,0N1408;-1255,0N1409;-1260,0N1412;-1261,0N1415;-1260,0N1418;-1260,0N1419;-1262,0N1421;-1263,0N1422;-1264,0N1422;-1263,0N1422;-1263,0N1423;-1262,0N1424;-1261,0N1425;-1262,0N1424;-1262,0N1424;-1263,0N1423;-1265,0N1422;-1266,0N1424;-1267,0N1426;-1269,0N1426;-1271,0N1425;-1275,0N1426;-1274,0N1427;-1274,0N1429;-1274,0N1430;-1272,0N1431;-1272,0N1433;-1270,0N1437;-1269,0N1441;-1267,0N1446;-1266,0N1449;-1267,0N1454;-1267,0N1457;-1267,0N1461;-1267,0N1466;-1268,0N1469;-1267,0N1472;-1265,0N1474;-1264,0N1474;-1262,0N1477;-1262,0N1479;-1261,0N1483;-1260,0N1485;-1259,0N1488;-1256,0N1489;-1255,0N1491;-1253,0N1493;-1252,0N1494;-1248,0N1497;-1246,0N1500;-1244,0N1505;-1241,0N1510;-1240,0N1517;-1240,0N1523;-1240,0N
50039|1|| GPS Christopher Poole|39010|||||1507;-1086,0N1504;-1085,0N1502;-1084,0N1500;-1084,0N1500;-1083,0N1500;-1083,0N1501;-1081,0N1502;-1079,0N1503;-1077,0N1503;-1075,0N1504;-1072,0N1507;-1070,0N1507;-1067,0N1510;-1065,0N1510;-1061,0N1511;-1056,0N1513;-1051,0N1513;-1046,0N1514;-1041,0N1518;-1037,0N1519;-1032,0N1520;-1028,0N1521;-1023,0N1522;-1018,0N1522;-1013,0N1520;-1009,0N1518;-1005,0N1516;-1000,0N1513;-995,0N1512;-991,0N1509;-985,0N1508;-981,0N1507;-978,0N1507;-975,0N1505;-970,0N1503;-964,0N1502;-959,0N1500;-954,0N1499;-952,0N1499;-949,0N1499;-944,0N1500;-939,0N1500;-934,0N1502;-928,0N1504;-924,0N1504;-919,0N1506;-915,0N1508;-911,0N1513;-908,0N1517;-906,0N1524;-907,0N1529;-907,0N1536;-907,0N1540;-905,0N1543;-905,0N1548;-903,0N1553;-901,0N1559;-898,0N1564;-898,0N1571;-897,0N1580;-895,0N1587;-893,0N1593;-890,0N1599;-889,0N1604;-887,0N1607;-889,0N1608;-887,0N1610;-886,0N1611;-884,0N1614;-884,0N1618;-883,0N1623;-884,0N1630;-881,0N1638;-880,0N1645;-878,0N1652;-877,0N1657;-876,0N1662;-874,0N1669;-873,0N1676;-874,0N1683;-873,0N1690;-874,0N1697;-874,0N1704;-873,0N1709;-868,0N1713;-863,0N1713;-861,0N1713;-859,0N1713;-859,0N1715;-857,0N1716;-859,0N1719;-861,0N1720;-866,0N1720;-874,0N1721;-880,0N1723;-885,0N1724;-887,0N1725;-888,0N1726;-889,0N1726;-889,0N1727;-888,0N1727;-886,0N1727;-885,0N1727;-884,0N1728;-884,0N1729;-884,0N1733;-882,0N1738;-880,0N1743;-876,0N1751;-873,0N1758;-875,0N1766;-875,0N1775;-877,0N1785;-882,0N1794;-883,0N1804;-886,0N1812;-889,0N1818;-891,0N1821;-894,0N1823;-896,0N1826;-896,0N1828;-896,0N1831;-896,0N1834;-897,0N1837;-898,0N1838;-898,0N1842;-899,0N1847;-899,0N1852;-901,0N1854;-901,0N1854;-902,0N1855;-902,0N1855;-902,0N1855;-902,0N1854;-904,0N1854;-904,0N1850;-903,0N1844;-901,0N1837;-897,0N1829;-892,0N1819;-886,0N1811;-883,0N1803;-879,0N1794;-875,0N1787;-873,0N1779;-870,0N1770;-867,0N1762;-865,0N1755;-862,0N1749;-859,0N1743;-857,0N1738;-854,0N1735;-852,0N1730;-849,0N1726;-848,0N1718;-847,0N1711;-846,0N1706;-844,0N1701;-841,0N1696;-840,0N1692;-837,0N1687;-836,0N1680;-833,0N1675;-830,0N1669;-827,0N1665;-826,0N1661;-826,0N1659;-826,0N1657;-827,0N1654;-828,0N1652;-830,0N1650;-832,0N1647;-833,0N1643;-833,0N1641;-831,0N1637;-829,0N1632;-829,0N1629;-827,0N1625;-826,0N1618;-824,0N1611;-820,0N1605;-814,0N1598;-811,0N1592;-805,0N1586;-802,0N1583;-799,0N1579;-795,0N1573;-793,0N1568;-791,0N1564;-791,0N1557;-789,0N1553;-790,0N1549;-787,0N1548;-781,0N1547;-779,0N1548;-777,0N1545;-771,0N1541;-766,0N1536;-762,0N1532;-759,0N1527;-756,0N1521;-754,0N1515;-751,0N1509;-750,0N1502;-749,0N1497;-748,0N1490;-748,0N1485;-748,0N1479;-748,0N1473;-748,0N1467;-748,0N1461;-746,0N1455;-744,0N1449;-743,0N1446;-742,0N1443;-741,0N1439;-741,0N1435;-739,0N1432;-737,0N1428;-737,0N1426;-738,0N1424;-738,0N1422;-738,0N1421;-741,0N1415;-741,0N1410;-741,0N1403;-741,0N1395;-740,0N1388;-738,0N1382;-736,0N1374;-734,0N1368;-733,0N1364;-730,0N1361;-726,0N1361;-721,0N1360;-716,0N1361;-712,0N1359;-709,0N1357;-708,0N1356;-705,0N1361;-705,0N1367;-702,0N1372;-697,0N1375;-692,0N1378;-689,0N1384;-685,0N1388;-682,0N1392;-677,0N1394;-671,0N1397;-667,0N1397;-661,0N1398;-659,0N1399;-657,0N1398;-654,0N1398;-654,0N1396;-652,0N1391;-649,0N1386;-645,0N1380;-641,0N1375;-640,0N1369;-635,0N1361;-629,0N1354;-624,0N1347;-621,0N1341;-618,0N1336;-617,0N1331;-614,0N1326;-611,0N1320;-606,0N1312;-602,0N1305;-601,0N1298;-599,0N1290;-598,0N1285;-596,0N1278;-595,0N1275;-595,0N1276;-592,0N1274;-588,0N1274;-585,0N1275;-582,0N1275;-580,0N1275;-578,0N1276;-577,0N1279;-574,0N1280;-572,0N1280;-570,0N1279;-569,0N1276;-567,0N1274;-565,0N1271;-564,0N1268;-563,0N1265;-562,0N1260;-559,0N1255;-560,0N1250;-559,0N1247;-557,0N1243;-555,0N1240;-555,0N1236;-554,0N1232;-554,0N1227;-552,0N1223;-548,0N1222;-547,0N1220;-546,0N1220;-546,0N1217;-542,0N1213;-539,0N1211;-538,0N1209;-537,0N1207;-536,0N1207;-535,0N1204;-533,0N1203;-532,0N1201;-531,0N1200;-530,0N1197;-528,0N1196;-524,0N1197;-522,0N1197;-519,0N1198;-519,0N1195;-518,0N1195;-518,0N1191;-517,0N1191;-517,0N1188;-515,0N1186;-514,0N1186;-513,0N1181;-510,0N1177;-507,0N1172;-505,0N1168;-502,0N1166;-498,0N1161;-495,0N1157;-491,0N1153;-490,0N1148;-488,0N1142;-487,0N1138;-486,0N1134;-485,0N1132;-486,0N1129;-486,0N1127;-487,0N1127;-491,0N1124;-491,0N1122;-493,0N1118;-494,0N1115;-494,0N1112;-493,0N1110;-493,0N1108;-494,0N1106;-496,0N1105;-499,0N1104;-501,0N1104;-503,0N1104;-506,0N1104;-510,0N1102;-512,0N1099;-515,0N1100;-516,0N1102;-519,0N1103;-521,0N1104;-522,0N1105;-524,0N1107;-527,0N1109;-530,0N1111;-532,0N1112;-533,0N1112;-534,0N1113;-534,0N1115;-535,0N1116;-537,0N1120;-539,0N1123;-541,0N1127;-544,0N1127;-545,0N1126;-546,0N1124;-547,0N1124;-547,0N1120;-548,0N1117;-549,0N1113;-551,0N1109;-551,0N1104;-551,0N1099;-551,0N1094;-552,0N1092;-554,0N1087;-556,0N1087;-557,0N1087;-557,0N1085;-558,0N1081;-556,0N1076;-555,0N1071;-554,0N1068;-554,0N1063;-551,0N1060;-548,0N1056;-545,0N1049;-541,0N1044;-538,0N1035;-536,0N1028;-537,0N1021;-537,0N1014;-537,0N1007;-536,0N1000;-537,0N993;-534,0N984;-535,0N977;-535,0N969;-538,0N962;-540,0N953;-540,0N946;-538,0N940;-538,0N934;-536,0N929;-534,0N924;-532,0N919;-530,0N913;-529,0N907;-525,0N903;-522,0N897;-520,0N892;-517,0N888;-515,0N884;-514,0N878;-512,0N874;-509,0N872;-508,0N867;-506,0N864;-503,0N859;-501,0N854;-497,0N848;-493,0N843;-489,0N838;-487,0N834;-486,0N828;-481,0N823;-479,0N818;-477,0N813;-474,0N809;-473,0N803;-471,0N797;-468,0N791;-464,0N787;-460,0N780;-455,0N774;-450,0N769;-446,0N765;-443,0N759;-440,0N755;-438,0N750;-436,0N744;-434,0N741;-433,0N737;-430,0N734;-426,0N729;-421,0N725;-420,0N721;-417,0N716;-416,0N710;-413,0N705;-412,0N698;-411,0N693;-410,0N687;-411,0N680;-411,0N673;-414,0N666;-412,0N661;-411,0N656;-411,0N653;-410,0N649;-411,0N645;-411,0N641;-412,0N638;-412,0N635;-413,0N627;-415,0N621;-416,0N617;-416,0N610;-415,0N604;-414,0N597;-416,0N591;-417,0N585;-419,0N578;-422,0N574;-425,0N569;-427,0N567;-428,0N561;-429,0N556;-430,0N552;-431,0N548;-431,0N542;-433,0N536;-433,0N530;-433,0N525;-433,0N521;-433,0N516;-436,0N515;-440,0N514;-445,0N514;-447,0N513;-449,0N512;-451,0N510;-452,0N508;-454,0N505;-455,0N502;-458,0N499;-463,0N496;-467,0N497;-470,0N495;-472,0N492;-473,0N489;-474,0N486;-476,0N485;-479,0N485;-481,0N484;-483,0N481;-485,0N481;-486,0N480;-490,0N479;-491,0N478;-495,0N478;-497,0N477;-500,0N475;-501,0N472;-503,0N470;-504,0N469;-506,0N469;-510,0N470;-513,0N469;-516,0N466;-519,0N464;-522,0N463;-524,0N462;-527,0N460;-530,0N459;-531,0N458;-533,0N456;-535,0N454;-536,0N451;-537,0N449;-541,0N446;-541,0N443;-541,0N440;-542,0N438;-543,0N437;-545,0N435;-546,0N433;-548,0N429;-548,0N427;-548,0N424;-550,0N422;-551,0N421;-553,0N420;-554,0N419;-556,0N417;-556,0N416;-557,0N413;-557,0N412;-557,0N409;-557,0N405;-557,0N402;-556,0N400;-558,0N400;-557,0N397;-561,0N397;-564,0N397;-568,0N398;-572,0N398;-577,0N397;-582,0N397;-588,0N396;-594,0N396;-601,0N394;-606,0N394;-612,0N394;-619,0N394;-625,0N396;-631,0N398;-639,0N400;-647,0N402;-655,0N403;-663,0N403;-670,0N404;-677,0N406;-684,0N408;-692,0N409;-697,0N411;-702,0N411;-706,0N411;-709,0N410;-710,0N407;-712,0N404;-715,0N401;-718,0N396;-722,0N392;-725,0N390;-727,0N388;-729,0N385;-731,0N383;-733,0N379;-734,0N379;-735,0N377;-735,0N376;-738,0N374;-741,0N371;-744,0N368;-748,0N365;-749,0N362;-750,0N360;-751,0N357;-750,0N356;-748,0N353;-747,0N352;-747,0N352;-747,0N352;-747,0N352;-748,0N352;-749,0N351;-751,0N351;-753,0N350;-754,0N349;-756,0N349;-756,0N349;-755,0N349;-755,0N348;-754,0N347;-756,0N346;-756,0N345;-756,0N342;-760,0N339;-764,0N337;-766,0N333;-767,0N330;-768,0N326;-770,0N324;-771,0N322;-773,0N317;-777,0N313;-779,0N308;-782,0N303;-787,0N299;-790,0N297;-793,0N295;-796,0N295;-802,0N295;-805,0N295;-809,0N295;-812,0N297;-815,0N300;-818,0N303;-817,0N306;-817,0N307;-817,0N308;-816,0N311;-818,0N314;-817,0N318;-818,0N323;-819,0N331;-816,0N335;-817,0N341;-816,0N347;-817,0N350;-816,0N354;-816,0N357;-812,0N360;-812,0N363;-812,0N365;-815,0N367;-815,0N368;-815,0N370;-815,0N371;-814,0N373;-813,0N375;-814,0N377;-815,0N379;-815,0N382;-814,0N384;-813,0N387;-811,0N390;-811,0N392;-812,0N394;-814,0N397;-813,0N401;-813,0N401;-814,0N401;-815,0N401;-815,0N396;-812,0N390;-810,0N384;-811,0N379;-811,0N374;-813,0N371;-813,0N370;-813,0N366;-813,0N362;-814,0N359;-816,0N355;-816,0N353;-819,0N349;-820,0N346;-824,0N344;-826,0N343;-831,0N342;-835,0N343;-837,0N345;-839,0N348;-841,0N352;-841,0N357;-845,0N357;-845,0N356;-847,0N355;-847,0N352;-848,0N350;-851,0N347;-855,0N346;-859,0N346;-861,0N345;-865,0N346;-869,0N349;-872,0N353;-875,0N357;-879,0N362;-884,0N366;-890,0N370;-894,0N372;-897,0N373;-898,0N376;-900,0N381;-904,0N385;-904,0N387;-905,0N387;-905,0N389;-907,0N389;-908,0N392;-908,0N392;-909,0N398;-908,0N404;-908,0N408;-909,0N413;-910,0N418;-914,0N421;-919,0N424;-923,0N428;-925,0N429;-928,0N431;-929,0N433;-931,0N436;-935,0N440;-940,0N441;-945,0N443;-949,0N444;-953,0N446;-959,0N448;-963,0N453;-969,0N455;-970,0N457;-972,0N458;-974,0N462;-976,0N464;-980,0N466;-985,0N469;-989,0N471;-993,0N472;-994,0N473;-996,0N474;-997,0N475;-1000,0N476;-1002,0N478;-1004,0N480;-1007,0N481;-1011,0N483;-1016,0N483;-1019,0N485;-1022,0N486;-1025,0N486;-1027,0N490;-1029,0N491;-1031,0N493;-1033,0N493;-1035,0N492;-1035,0N493;-1036,0N495;-1037,0N497;-1037,0N500;-1036,0N500;-1035,0N503;-1033,0N503;-1032,0N506;-1029,0N507;-1028,0N512;-1026,0N518;-1023,0N523;-1022,0N528;-1017,0N532;-1012,0N538;-1008,0N543;-1003,0N549;-998,0N556;-995,0N563;-992,0N569;-988,0N576;-985,0N583;-984,0N592;-984,0N600;-986,0N606;-986,0N613;-986,0N621;-987,0N628;-987,0N634;-987,0N638;-989,0N642;-990,0N647;-993,0N652;-995,0N659;-995,0N663;-995,0N667;-993,0N674;-991,0N681;-987,0N687;-983,0N692;-979,0N695;-977,0N699;-975,0N706;-972,0N711;-968,0N719;-965,0N724;-962,0N732;-960,0N737;-957,0N744;-957,0N749;-957,0N753;-957,0N755;-957,0N756;-958,0N758;-959,0N760;-960,0N762;-963,0N762;-965,0N764;-969,0N765;-974,0N767;-977,0N771;-979,0N776;-980,0N780;-981,0N784;-981,0N787;-982,0N792;-983,0N796;-984,0N798;-985,0N803;-986,0N809;-988,0N814;-988,0N821;-989,0N831;-988,0N840;-987,0N851;-985,0N860;-986,0N868;-987,0N873;-985,0N879;-982,0N885;-981,0N890;-980,0N896;-981,0N898;-980,0N901;-980,0N906;-980,0N912;-981,0N920;-979,0N927;-977,0N935;-974,0N945;-971,0N953;-968,0N964;-963,0N972;-960,0N981;-956,0N991;-952,0N1000;-950,0N1009;-947,0N1016;-944,0N1025;-942,0N1035;-939,0N1043;-938,0N1053;-936,0N1060;-934,0N1065;-931,0N1069;-929,0N1070;-928,0N1074;-926,0N1076;-924,0N1082;-922,0N1088;-920,0N1093;-916,0N1098;-912,0N1104;-908,0N1111;-904,0N1116;-900,0N1122;-894,0N1126;-888,0N1130;-882,0N1136;-878,0N1138;-876,0N1141;-874,0N1145;-872,0N1150;-867,0N1157;-864,0N1164;-862,0N1172;-863,0N1178;-863,0N1187;-863,0N1194;-865,0N1199;-867,0N1203;-869,0N1205;-868,0N1207;-869,0N1212;-866,0N1218;-866,0N1224;-867,0N1231;-867,0N1238;-867,0N1244;-867,0N1250;-868,0N1253;-869,0N1255;-867,0N1257;-868,0N1257;-868,0N1259;-869,0N1261;-869,0N1263;-870,0N1266;-874,0N1270;-875,0N1278;-876,0N1284;-877,0N1291;-880,0N1296;-882,0N1302;-884,0N1308;-884,0N1314;-884,0N1319;-882,0N1325;-881,0N1329;-880,0N1334;-880,0N1336;-881,0N1338;-884,0N1342;-886,0N1345;-887,0N1349;-891,0N1354;-894,0N1358;-896,0N1360;-897,0N1363;-898,0N1365;-898,0N1367;-898,0N1368;-898,0N1369;-899,0N1371;-901,0N1372;-902,0N1373;-903,0N1375;-906,0N1377;-909,0N1379;-910,0N1381;-912,0N1384;-914,0N1387;-914,0N1387;-914,0N1388;-914,0N1388;-915,0N1389;-914,0N1389;-914,0N1388;-913,0N1388;-911,0N1385;-909,0N1384;-907,0N1383;-903,0N1384;-900,0N1385;-897,0N1386;-895,0N1389;-893,0N1391;-891,0N1395;-888,0N1399;-886,0N1400;-883,0N1401;-880,0N1398;-878,0N1395;-877,0N1393;-877,0N1391;-877,0N1388;-878,0N1387;-879,0N1387;-880,0N1386;-881,0N1386;-882,0N1383;-883,0N1381;-883,0N1378;-883,0N1374;-882,0N1370;-881,0N1368;-880,0N1365;-878,0N1366;-879,0N1366;-881,0N1366;-883,0N1366;-883,0N1367;-885,0N1368;-887,0N1370;-886,0N1371;-888,0N1373;-888,0N1375;-888,0N1378;-888,0N1382;-887,0N1387;-884,0N1394;-884,0N1398;-885,0N1402;-889,0N1405;-891,0N1408;-893,0N1412;-893,0N1416;-895,0N1420;-893,0N1424;-892,0N1427;-893,0N1430;-893,0N1432;-893,0N1433;-893,0N1434;-894,0N1433;-892,0N1433;-892,0N1436;-894,0N1441;-893,0N1446;-892,0N1452;-888,0N1458;-885,0N1462;-884,0N1468;-885,0N1475;-889,0N1482;-895,0N1492;-902,0N1501;-904,0N1514;-908,0N1519;-912,0N1523;-913,0N1527;-917,0N1524;-922,0N1520;-925,0N1518;-929,0N1517;-933,0N1517;-936,0N1519;-940,0N1519;-940,0N1516;-940,0N1516;-941,0N1516;-941,0N1516;-941,0N1514;-940,0N1513;-939,0N1513;-936,0N1512;-932,0N1509;-929,0N1506;-927,0N1506;-926,0N1506;-922,0N1506;-917,0N1499;-912,0N1493;-907,0N1488;-902,0N1484;-898,0N1482;-891,0N1482;-884,0N1481;-878,0N1481;-872,0N1483;-866,0N1483;-862,0N1483;-859,0N1483;-856,0N1482;-854,0N1482;-850,0N1483;-845,0N1486;-840,0N1489;-835,0N1488;-833,0N1490;-828,0N1492;-825,0N1494;-822,0N1495;-817,0N1497;-811,0N1498;-805,0N1498;-798,0N1498;-793,0N1498;-787,0N1498;-777,0N1497;-769,0N1497;-766,0N1497;-761,0N1497;-756,0N1498;-749,0N1498;-742,0N1497;-736,0N1496;-731,0N1493;-727,0N1490;-721,0N1489;-715,0N1490;-712,0N1493;-708,0N1490;-705,0N1488;-702,0N1486;-699,0N1485;-696,0N1482;-689,0N1482;-682,0N1479;-678,0N1474;-677,0N1470;-676,0N1467;-674,0N1463;-674,0N1460;-673,0N1458;-673,0N1454;-672,0N1450;-671,0N1447;-671,0N1441;-671,0N1435;-670,0N1431;-669,0N1429;-668,0N1427;-668,0N1424;-667,0N1422;-667,0N1420;-668,0N1418;-669,0N1416;-670,0N1412;-668,0N1408;-666,0N1404;-665,0N1399;-663,0N1397;-662,0N1395;-661,0N1392;-658,0N1390;-657,0N1386;-655,0N1384;-655,0N1383;-656,0N1383;-657,0N1379;-658,0N1376;-659,0N1372;-659,0N1368;-658,0N1365;-658,0N1360;-660,0N1355;-661,0N1351;-660,0N1348;-661,0N1346;-662,0N1344;-663,0N1341;-662,0N1338;-661,0N1335;-660,0N1332;-659,0N1330;-659,0N1327;-659,0N1325;-659,0N1323;-659,0N1322;-660,0N1320;-662,0N1319;-662,0N1317;-665,0N1316;-667,0N1314;-670,0N1313;-674,0N1311;-676,0N1309;-681,0N1306;-689,0N1305;-696,0N1302;-703,0N1297;-710,0N1295;-717,0N1293;-723,0N1290;-730,0N1287;-735,0N1285;-743,0N1283;-746,0N1282;-750,0N1283;-753,0N1282;-757,0N1281;-760,0N1281;-764,0N1280;-769,0N1279;-774,0N1279;-778,0N1279;-782,0N1278;-785,0N1278;-790,0N1279;-792,0N1276;-796,0N1275;-800,0N1273;-805,0N1269;-813,0N1267;-819,0N1265;-822,0N1265;-825,0N1264;-829,0N1263;-833,0N1261;-836,0N1261;-840,0N1260;-845,0N1259;-849,0N1256;-854,0N1252;-860,0N1246;-863,0N1241;-867,0N1233;-866,0N1224;-867,0N1218;-865,0N1212;-867,0N1206;-868,0N1200;-865,0N1194;-863,0N1186;-860,0N1180;-859,0N1174;-858,0N1167;-858,0N1160;-860,0N1153;-862,0N1149;-867,0N1145;-871,0N1138;-875,0N1133;-878,0N1130;-881,0N1126;-884,0N1122;-891,0N1118;-897,0N1112;-901,0N1106;-906,0N1100;-910,0N1096;-913,0N1090;-916,0N1086;-919,0N1082;-923,0N1079;-923,0N1074;-925,0N1069;-927,0N1067;-928,0N1065;-930,0N1063;-931,0N1062;-931,0N1062;-931,0N1057;-929,0N1053;-926,0N1044;-924,0N1037;-923,0N1030;-919,0N1023;-917,0N1015;-915,0N1008;-912,0N1001;-911,0N991;-911,0N986;-908,0N982;-906,0N978;-903,0N973;-901,0N966;-897,0N961;-895,0N952;-894,0N943;-891,0N937;-888,0N928;-886,0N920;-884,0N914;-879,0N908;-874,0N902;-872,0N902;-873,0N902;-874,0N902;-875,0N900;-877,0N900;-878,0N898;-880,0N897;-883,0N893;-884,0N889;-885,0N882;-888,0N874;-893,0N867;-896,0N860;-898,0N854;-897,0N849;-895,0N843;-893,0N836;-892,0N830;-890,0N824;-889,0N817;-888,0N813;-887,0N808;-886,0N804;-884,0N801;-884,0N800;-883,0N800;-883,0N800;-884,0N801;-886,0N801;-889,0N801;-892,0N801;-894,0N801;-898,0N799;-901,0N798;-901,0N794;-901,0N792;-897,0N791;-891,0N790;-886,0N788;-882,0N785;-877,0N782;-873,0N781;-869,0N778;-864,0N778;-861,0N775;-857,0N773;-855,0N772;-852,0N772;-851,0N772;-849,0N773;-847,0N775;-845,0N777;-841,0N780;-837,0N783;-831,0N784;-824,0N786;-817,0N789;-810,0N789;-802,0N790;-796,0N788;-787,0N787;-778,0N783;-776,0N776;-772,0N771;-767,0N765;-765,0N757;-761,0N750;-759,0N742;-756,0N734;-752,0N726;-749,0N720;-746,0N713;-741,0N706;-738,0N699;-734,0N695;-729,0N693;-726,0N692;-724,0N690;-722,0N690;-718,0N690;-716,0N692;-712,0N695;-707,0N699;-702,0N699;-698,0N700;-696,0N699;-693,0N700;-691,0N699;-690,0N699;-682,0N699;-676,0N700;-666,0N700;-658,0N699;-653,0N699;-645,0N697;-639,0N696;-631,0N693;-627,0N690;-620,0N687;-612,0N683;-608,0N679;-603,0N676;-598,0N673;-594,0N668;-591,0N664;-587,0N660;-584,0N655;-580,0N652;-574,0N646;-572,0N644;-571,0N641;-568,0N637;-566,0N631;-565,0N626;-564,0N619;-562,0N613;-562,0N611;-561,0N608;-560,0N608;-563,0N607;-565,0N606;-567,0N605;-568,0N603;-570,0N602;-570,0N602;-570,0N602;-568,0N605;-566,0N607;-565,0N607;-562,0N606;-559,0N604;-555,0N604;-552,0N603;-548,0N602;-546,0N600;-543,0N598;-542,0N596;-541,0N593;-541,0N592;-541,0N588;-538,0N583;-536,0N579;-533,0N574;-528,0N570;-523,0N565;-522,0N565;-521,0N562;-521,0N561;-521,0N561;-521,0N561;-521,0N561;-521,0N560;-521,0N560;-522,0N559;-523,0N558;-524,0N555;-526,0N553;-529,0N551;-532,0N549;-534,0N546;-534,0N542;-537,0N538;-540,0N536;-544,0N533;-549,0N531;-554,0N530;-558,0N529;-561,0N527;-565,0N527;-568,0N527;-571,0N525;-576,0N526;-579,0N525;-581,0N524;-584,0N521;-588,0N518;-589,0N513;-591,0N506;-592,0N500;-591,0N495;-592,0N488;-591,0N481;-592,0N474;-592,0N465;-592,0N458;-594,0N449;-598,0N442;-600,0N436;-604,0N430;-608,0N423;-612,0N417;-617,0N410;-622,0N407;-626,0N404;-631,0N401;-638,0N398;-644,0N396;-648,0N398;-654,0N399;-661,0N403;-666,0N403;-673,0N404;-678,0N406;-684,0N407;-691,0N409;-699,0N413;-706,0N411;-713,0N408;-718,0N403;-722,0N398;-727,0N392;-730,0N390;-733,0N389;-737,0N385;-738,0N383;-737,0N381;-738,0N378;-740,0N376;-741,0N374;-744,0N372;-744,0N371;-746,0N369;-750,0N364;-748,0N361;-747,0N359;-745,0N354;-746,0N352;-748,0N350;-753,0N349;-758,0N346;-762,0N342;-762,0N339;-762,0N335;-761,0N335;-762,0N334;-761,0N330;-761,0N328;-760,0N325;-760,0N325;-759,0N324;-759,0N321;-758,0N318;-756,0N313;-755,0N306;-753,0N301;-752,0N295;-751,0N290;-751,0N284;-751,0N278;-752,0N273;-750,0N268;-749,0N265;-749,0N263;-750,0N261;-753,0N258;-757,0N256;-759,0N255;-761,0N252;-762,0N250;-763,0N245;-766,0N242;-770,0N233;-774,0N226;-777,0N220;-779,0N214;-776,0N210;-774,0N206;-772,0N202;-775,0N199;-778,0N197;-782,0N195;-786,0N194;-789,0N190;-789,0N185;-788,0N184;-786,0N179;-785,0N177;-785,0N174;-782,0N172;-780,0N169;-779,0N165;-776,0N162;-775,0N161;-774,0N161;-773,0N161;-769,0N162;-767,0N161;-764,0N157;-761,0N155;-758,0N153;-755,0N151;-753,0N149;-751,0N147;-750,0N146;-748,0N144;-747,0N142;-747,0N139;-746,0N138;-746,0N135;-746,0N134;-746,0N134;-746,0N132;-746,0N132;-746,0N131;-747,0N130;-747,0N130;-747,0N130;-747,0N131;-747,0N131;-746,0N132;-745,0N134;-743,0N136;-743,0N137;-742,0N139;-741,0N139;-740,0N139;-739,0N139;-738,0N139;-738,0N139;-737,0N140;-736,0N137;-738,0N135;-742,0N133;-746,0N133;-748,0N134;-750,0N135;-751,0N137;-753,0N140;-754,0N138;-757,0N137;-759,0N136;-760,0N135;-762,0N133;-764,0N132;-766,0N131;-768,0N130;-768,0N128;-769,0N127;-771,0N127;-773,0N127;-774,0N127;-774,0N130;-774,0N131;-775,0N136;-776,0N136;-777,0N138;-780,0N139;-781,0N141;-784,0N143;-787,0N144;-789,0N147;-792,0N148;-797,0N149;-800,0N153;-803,0N157;-806,0N160;-809,0N163;-811,0N166;-813,0N168;-817,0N170;-820,0N173;-821,0N176;-821,0N181;-821,0N184;-824,0N187;-825,0N192;-825,0N198;-826,0N202;-828,0N208;-832,0N212;-834,0N215;-837,0N218;-839,0N221;-840,0N223;-842,0N225;-845,0N229;-850,0N233;-855,0N235;-860,0N240;-865,0N242;-868,0N244;-870,0N245;-874,0N248;-874,0N252;-876,0N256;-878,0N259;-880,0N265;-882,0N270;-885,0N274;-890,0N279;-894,0N284;-897,0N289;-899,0N295;-902,0N300;-906,0N303;-909,0N305;-911,0N308;-914,0N310;-916,0N311;-918,0N312;-920,0N314;-924,0N317;-926,0N320;-930,0N322;-936,0N323;-943,0N325;-945,0N328;-946,0N330;-947,0N330;-949,0N331;-950,0N333;-951,0N335;-951,0N335;-954,0N335;-954,0N337;-958,0N339;-960,0N339;-964,0N341;-965,0N342;-968,0N339;-971,0N337;-973,0N332;-973,0N328;-973,0N324;-971,0N323;-971,0N323;-971,0N323;-971,0N324;-974,0N325;-975,0N326;-978,0N327;-979,0N327;-981,0N328;-984,0N329;-986,0N331;-988,0N334;-991,0N337;-994,0N339;-996,0N341;-1000,0N343;-1003,0N346;-1007,0N347;-1008,0N347;-1012,0N348;-1015,0N351;-1018,0N352;-1023,0N353;-1029,0N354;-1034,0N355;-1039,0N354;-1044,0N354;-1048,0N353;-1052,0N351;-1056,0N349;-1062,0N346;-1065,0N345;-1070,0N343;-1072,0N342;-1078,0N340;-1083,0N339;-1087,0N339;-1090,0N339;-1094,0N338;-1097,0N337;-1100,0N334;-1104,0N331;-1109,0N327;-1113,0N321;-1118,0N316;-1119,0N311;-1122,0N307;-1122,0N302;-1125,0N299;-1130,0N294;-1134,0N288;-1138,0N285;-1142,0N280;-1144,0N276;-1145,0N272;-1148,0N268;-1149,0N265;-1149,0N264;-1150,0N261;-1153,0N258;-1156,0N256;-1160,0N254;-1162,0N252;-1163,0N249;-1163,0N247;-1164,0N245;-1165,0N242;-1171,0N238;-1175,0N235;-1180,0N232;-1184,0N229;-1188,0N225;-1189,0N222;-1191,0N219;-1194,0N217;-1198,0N217;-1203,0N218;-1206,0N219;-1210,0N219;-1214,0N219;-1219,0N219;-1221,0N220;-1223,0N221;-1226,0N221;-1226,0N221;-1229,0N221;-1232,0N215;-1233,0N210;-1233,0N207;-1232,0N207;-1233,0N209;-1236,0N212;-1236,0N214;-1236,0N216;-1237,0N219;-1237,0N222;-1238,0N225;-1238,0N229;-1238,0N234;-1236,0N239;-1235,0N242;-1235,0N246;-1235,0N249;-1235,0N253;-1235,0N257;-1233,0N261;-1231,0N267;-1231,0N268;-1228,0N269;-1225,0N272;-1222,0N273;-1220,0N274;-1218,0N279;-1217,0N286;-1216,0N290;-1214,0N297;-1211,0N303;-1209,0N305;-1205,0N307;-1202,0N311;-1198,0N312;-1193,0N315;-1189,0N318;-1185,0N321;-1182,0N323;-1179,0N326;-1176,0N330;-1174,0N333;-1173,0N334;-1172,0N338;-1171,0N343;-1169,0N346;-1168,0N349;-1168,0N353;-1168,0N355;-1167,0N357;-1167,0N361;-1164,0N363;-1164,0N365;-1164,0N368;-1163,0N370;-1160,0N372;-1157,0N374;-1155,0N377;-1152,0N378;-1150,0N380;-1147,0N383;-1145,0N385;-1141,0N386;-1135,0N387;-1128,0N389;-1122,0N389;-1117,0N388;-1114,0N389;-1109,0N390;-1105,0N392;-1102,0N394;-1098,0N398;-1093,0N399;-1091,0N401;-1090,0N404;-1087,0N406;-1084,0N410;-1082,0N411;-1080,0N411;-1078,0N414;-1077,0N418;-1077,0N426;-1077,0N432;-1075,0N435;-1073,0N439;-1071,0N441;-1069,0N443;-1068,0N446;-1067,0N451;-1063,0N454;-1062,0N457;-1059,0N461;-1056,0N469;-1052,0N473;-1047,0N476;-1043,0N478;-1039,0N479;-1036,0N481;-1033,0N484;-1030,0N487;-1028,0N489;-1027,0N492;-1027,0N496;-1029,0N502;-1027,0N508;-1026,0N511;-1028,0N516;-1028,0N519;-1026,0N520;-1026,0N521;-1021,0N523;-1017,0N526;-1015,0N526;-1012,0N527;-1007,0N524;-1003,0N523;-1000,0N520;-998,0N517;-998,0N513;-999,0N510;-998,0N507;-998,0N507;-998,0N507;-998,0N507;-996,0N508;-995,0N509;-994,0N510;-992,0N510;-990,0N511;-987,0N514;-983,0N516;-978,0N518;-971,0N522;-968,0N523;-964,0N525;-962,0N527;-957,0N529;-954,0N531;-953,0N531;-953,0N532;-951,0N533;-948,0N533;-944,0N536;-941,0N535;-938,0N533;-936,0N533;-934,0N533;-932,0N533;-929,0N535;-928,0N538;-927,0N540;-926,0N540;-925,0N538;-923,0N534;-921,0N529;-921,0N523;-920,0N518;-919,0N515;-917,0N514;-915,0N514;-915,0N516;-912,0N518;-909,0N518;-905,0N517;-898,0N517;-892,0N514;-889,0N511;-887,0N509;-884,0N508;-882,0N507;-878,0N507;-872,0N506;-869,0N505;-866,0N504;-865,0N503;-864,0N503;-862,0N503;-858,0N505;-859,0N506;-858,0N511;-855,0N514;-851,0N517;-846,0N518;-844,0N520;-839,0N523;-837,0N523;-833,0N524;-831,0N522;-824,0N520;-823,0N520;-821,0N520;-818,0N521;-816,0N522;-814,0N524;-810,0N526;-807,0N529;-806,0N532;-804,0N535;-803,0N536;-801,0N539;-799,0N541;-798,0N547;-798,0N552;-797,0N557;-797,0N561;-795,0N566;-793,0N571;-792,0N574;-792,0N576;-791,0N580;-789,0N582;-786,0N584;-784,0N587;-784,0N590;-784,0N593;-784,0N596;-781,0N598;-780,0N600;-779,0N605;-778,0N606;-776,0N609;-774,0N612;-775,0N614;-775,0N616;-773,0N620;-774,0N625;-773,0N632;-775,0N639;-776,0N645;-778,0N647;-778,0N651;-778,0N654;-778,0N656;-775,0N658;-772,0N661;-771,0N664;-769,0N671;-768,0N678;-765,0N683;-759,0N688;-752,0N693;-746,0N694;-739,0N696;-734,0N696;-731,0N697;-728,0N697;-726,0N697;-724,0N697;-722,0N698;-720,0N699;-716,0N701;-714,0N702;-712,0N699;-709,0N700;-705,0N699;-702,0N699;-696,0N698;-690,0N698;-685,0N700;-679,0N699;-672,0N699;-665,0N697;-661,0N696;-657,0N695;-655,0N696;-652,0N698;-645,0N703;-638,0N708;-637,0N713;-635,0N717;-636,0N723;-635,0N729;-633,0N733;-630,0N738;-629,0N740;-630,0N742;-634,0N744;-638,0N744;-642,0N744;-646,0N744;-651,0N745;-655,0N748;-658,0N751;-662,0N755;-667,0N759;-672,0N763;-677,0N761;-680,0N757;-684,0N754;-689,0N752;-694,0N752;-699,0N753;-701,0N755;-704,0N755;-706,0N757;-708,0N760;-706,0N764;-707,0N768;-710,0N769;-711,0N773;-712,0N775;-713,0N778;-713,0N783;-715,0N789;-717,0N794;-719,0N799;-721,0N804;-722,0N808;-726,0N811;-728,0N813;-728,0N814;-729,0N813;-733,0N813;-737,0N811;-742,0N811;-745,0N812;-749,0N815;-754,0N818;-758,0N820;-762,0N824;-765,0N828;-767,0N834;-767,0N837;-766,0N838;-764,0N839;-762,0N840;-762,0N842;-759,0N842;-756,0N843;-755,0N843;-753,0N844;-752,0N846;-747,0N849;-746,0N850;-747,0N851;-749,0N853;-751,0N851;-753,0N850;-755,0N848;-760,0N848;-764,0N851;-767,0N855;-771,0N858;-771,0N860;-771,0N863;-770,0N869;-770,0N877;-767,0N885;-768,0N891;-771,0N899;-777,0N905;-782,0N908;-788,0N911;-792,0N911;-795,0N910;-800,0N910;-809,0N909;-815,0N909;-821,0N908;-827,0N908;-834,0N909;-841,0N908;-849,0N908;-852,0N907;-857,0N907;-861,0N907;-863,0N905;-867,0N905;-871,0N906;-875,0N906;-874,0N908;-874,0N910;-874,0N913;-875,0N914;-877,0N918;-878,0N924;-880,0N928;-883,0N931;-885,0N934;-888,0N938;-890,0N940;-892,0N945;-896,0N950;-897,0N955;-899,0N959;-898,0N966;-901,0N971;-900,0N976;-902,0N983;-906,0N989;-908,0N996;-910,0N1003;-913,0N1011;-914,0N1018;-916,0N1026;-919,0N1032;-920,0N1038;-923,0N1045;-924,0N1052;-925,0N1059;-928,0N1066;-928,0N1073;-930,0N1080;-934,0N1088;-938,0N1097;-943,0N1106;-946,0N1114;-951,0N1122;-954,0N1130;-956,0N1138;-960,0N1146;-964,0N1153;-967,0N1161;-970,0N1168;-972,0N1178;-974,0N1186;-977,0N1194;-978,0N1201;-980,0N1209;-982,0N1212;-982,0N1216;-984,0N1219;-987,0N1222;-992,0N1222;-998,0N1223;-1003,0N1224;-1009,0N1224;-1015,0N1224;-1022,0N1226;-1030,0N1225;-1035,0N1225;-1043,0N1226;-1050,0N1226;-1055,0N1226;-1057,0N1228;-1059,0N1232;-1060,0N1237;-1059,0N1241;-1060,0N1246;-1061,0N1251;-1062,0N1256;-1061,0N1261;-1061,0N1265;-1064,0N1268;-1065,0N1270;-1066,0N1271;-1068,0N1273;-1070,0N1274;-1072,0N1275;-1073,0N1278;-1074,0N1278;-1076,0N1280;-1079,0N1280;-1079,0N1282;-1082,0N1283;-1085,0N1284;-1086,0N1285;-1088,0N1286;-1091,0N1287;-1092,0N1287;-1095,0N1288;-1096,0N1289;-1099,0N1289;-1101,0N1290;-1105,0N1290;-1109,0N1290;-1111,0N1291;-1110,0N1291;-1110,0N1292;-1110,0N1292;-1110,0N1293;-1110,0N1294;-1110,0N1296;-1110,0N1299;-1109,0N1304;-1107,0N1309;-1106,0N1316;-1107,0N1322;-1108,0N1329;-1107,0N1334;-1108,0N1338;-1110,0N1342;-1110,0N1347;-1107,0N1353;-1105,0N1358;-1102,0N1361;-1100,0N1363;-1099,0N1365;-1099,0N1370;-1097,0N1376;-1099,0N1381;-1102,0N1386;-1106,0N1391;-1110,0N1395;-1113,0N1399;-1117,0N1401;-1120,0N1402;-1124,0N1405;-1127,0N1406;-1132,0N1407;-1138,0N1408;-1144,0N1409;-1150,0N1408;-1155,0N1407;-1160,0N1405;-1164,0N1402;-1168,0N1402;-1173,0N1404;-1175,0N1408;-1178,0N1411;-1183,0N1413;-1188,0N1416;-1191,0N1418;-1197,0N1419;-1202,0N1419;-1206,0N1421;-1210,0N1422;-1215,0N1423;-1217,0N1425;-1218,0N1426;-1219,0N1427;-1222,0N1424;-1224,0N1424;-1227,0N1422;-1233,0N1420;-1238,0N1418;-1243,0N1417;-1246,0N1417;-1250,0N1418;-1253,0N1420;-1256,0N1421;-1259,0N1422;-1263,0N1422;-1265,0N1423;-1269,0N1424;-1272,0N1426;-1275,0N1427;-1276,0N1430;-1276,0N1432;-1273,0N1436;-1272,0N1441;-1271,0N1446;-1266,0N1452;-1264,0N1459;-1260,0N1465;-1256,0N1468;-1251,0N1473;-1247,0N1482;-1245,0N1489;-1242,0N1495;-1241,0N1501;-1242,0N1508;-1242,0N1515;-1242,0N1522;-1242,0N1529;-1242,0N
50031|1|| GPS Evan Barlow|44644|||||1476;-1101,0N1475;-1104,0N1474;-1107,0N1473;-1112,0N1473;-1109,0N1474;-1105,0N1476;-1104,0N1479;-1102,0N1482;-1098,0N1489;-1093,0N1492;-1087,0N1496;-1080,0N1504;-1074,0N1511;-1070,0N1517;-1062,0N1527;-1053,0N1531;-1049,0N1534;-1044,0N1535;-1042,0N1536;-1038,0N1539;-1032,0N1541;-1025,0N1547;-1016,0N1552;-1005,0N1558;-994,0N1560;-987,0N1561;-983,0N1563;-979,0N1566;-975,0N1569;-971,0N1571;-964,0N1574;-957,0N1574;-951,0N1574;-946,0N1577;-940,0N1577;-931,0N1576;-922,0N1576;-912,0N1579;-903,0N1580;-898,0N1582;-897,0N1589;-893,0N1596;-889,0N1604;-886,0N1611;-879,0N1618;-872,0N1620;-866,0N1622;-860,0N1623;-856,0N1624;-852,0N1626;-850,0N1629;-850,0N1631;-842,0N1632;-836,0N1633;-832,0N1634;-830,0N1634;-829,0N1635;-828,0N1636;-825,0N1642;-818,0N1646;-818,0N1649;-812,0N1647;-811,0N1645;-810,0N1641;-811,0N1640;-812,0N1640;-811,0N1639;-812,0N1638;-812,0N1631;-805,0N1628;-806,0N1625;-807,0N1622;-808,0N1619;-810,0N1614;-810,0N1609;-804,0N1604;-798,0N1598;-792,0N1593;-786,0N1588;-785,0N1583;-784,0N1577;-782,0N1572;-781,0N1569;-783,0N1567;-784,0N1563;-782,0N1557;-779,0N1549;-774,0N1540;-767,0N1530;-761,0N1523;-757,0N1508;-744,0N1496;-732,0N1489;-726,0N1481;-722,0N1467;-708,0N1453;-691,0N1442;-682,0N1435;-677,0N1428;-674,0N1422;-671,0N1416;-670,0N1412;-669,0N1408;-669,0N1405;-671,0N1402;-674,0N1401;-678,0N1398;-682,0N1394;-686,0N1390;-689,0N1386;-691,0N1382;-693,0N1379;-694,0N1376;-696,0N1373;-700,0N1370;-702,0N1367;-704,0N1364;-707,0N1360;-708,0N1362;-703,0N1366;-697,0N1372;-690,0N1376;-683,0N1379;-678,0N1385;-670,0N1389;-662,0N1390;-655,0N1388;-649,0N1386;-645,0N1383;-643,0N1377;-640,0N1372;-640,0N1367;-633,0N1359;-629,0N1351;-626,0N1344;-626,0N1337;-626,0N1329;-627,0N1324;-625,0N1319;-622,0N1313;-618,0N1307;-612,0N1300;-611,0N1294;-610,0N1288;-610,0N1282;-609,0N1277;-609,0N1272;-609,0N1269;-606,0N1263;-602,0N1257;-600,0N1249;-598,0N1241;-597,0N1236;-595,0N1232;-593,0N1230;-587,0N1230;-581,0N1228;-575,0N1229;-570,0N1230;-565,0N1229;-558,0N1230;-553,0N1230;-547,0N1229;-544,0N1226;-544,0N1222;-546,0N1219;-543,0N1218;-541,0N1215;-538,0N1213;-535,0N1210;-534,0N1207;-531,0N1204;-530,0N1203;-530,0N1199;-529,0N1197;-527,0N1196;-525,0N1194;-522,0N1192;-518,0N1190;-514,0N1186;-513,0N1181;-510,0N1177;-509,0N1175;-510,0N1173;-505,0N1172;-500,0N1167;-498,0N1161;-498,0N1153;-498,0N1145;-497,0N1140;-496,0N1135;-494,0N1131;-495,0N1127;-496,0N1123;-497,0N1121;-497,0N1119;-498,0N1116;-501,0N1115;-503,0N1115;-506,0N1114;-510,0N1115;-514,0N1117;-517,0N1117;-520,0N1118;-523,0N1116;-524,0N1114;-527,0N1114;-531,0N1112;-535,0N1110;-540,0N1107;-543,0N1102;-545,0N1097;-548,0N1095;-550,0N1092;-552,0N1091;-553,0N1090;-556,0N1089;-556,0N1089;-556,0N1089;-556,0N1089;-555,0N1087;-552,0N1085;-549,0N1082;-546,0N1079;-545,0N1079;-544,0N1079;-544,0N1080;-544,0N1080;-542,0N1082;-542,0N1081;-541,0N1083;-541,0N1088;-543,0N1093;-545,0N1100;-543,0N1107;-539,0N1115;-536,0N1123;-537,0N1128;-539,0N1136;-541,0N1135;-542,0N1132;-544,0N1128;-545,0N1124;-547,0N1123;-548,0N1120;-550,0N1116;-548,0N1113;-546,0N1108;-546,0N1102;-549,0N1095;-551,0N1089;-555,0N1084;-556,0N1077;-556,0N1071;-554,0N1064;-549,0N1057;-546,0N1051;-543,0N1045;-542,0N1037;-540,0N1029;-538,0N1022;-538,0N1016;-537,0N1010;-536,0N1003;-537,0N996;-538,0N991;-538,0N983;-541,0N976;-541,0N968;-540,0N960;-539,0N952;-539,0N945;-537,0N937;-536,0N929;-535,0N922;-537,0N913;-536,0N905;-534,0N898;-531,0N892;-527,0N886;-522,0N881;-517,0N878;-512,0N871;-508,0N866;-505,0N860;-501,0N854;-498,0N848;-494,0N842;-489,0N836;-484,0N831;-479,0N824;-474,0N816;-471,0N808;-470,0N801;-468,0N793;-467,0N785;-465,0N778;-459,0N772;-455,0N766;-451,0N760;-447,0N753;-443,0N747;-439,0N740;-435,0N733;-431,0N728;-428,0N720;-425,0N714;-422,0N707;-420,0N700;-418,0N693;-417,0N685;-416,0N679;-416,0N671;-416,0N666;-418,0N659;-418,0N652;-418,0N645;-418,0N640;-420,0N634;-422,0N629;-423,0N623;-424,0N615;-424,0N607;-423,0N603;-422,0N595;-423,0N588;-426,0N580;-427,0N573;-430,0N567;-431,0N559;-432,0N552;-434,0N544;-433,0N537;-432,0N529;-433,0N522;-435,0N518;-436,0N515;-438,0N512;-438,0N509;-438,0N508;-439,0N509;-441,0N504;-442,0N501;-445,0N498;-447,0N493;-449,0N488;-453,0N482;-456,0N477;-460,0N471;-462,0N467;-468,0N464;-474,0N461;-479,0N458;-483,0N455;-488,0N453;-492,0N452;-496,0N450;-500,0N448;-506,0N445;-509,0N444;-513,0N442;-516,0N438;-518,0N436;-521,0N435;-522,0N431;-522,0N430;-522,0N427;-520,0N426;-518,0N424;-517,0N424;-517,0N421;-516,0N418;-514,0N418;-512,0N420;-509,0N419;-504,0N416;-503,0N416;-502,0N415;-501,0N415;-501,0N415;-501,0N415;-503,0N417;-508,0N416;-512,0N417;-516,0N418;-521,0N420;-525,0N423;-529,0N425;-530,0N428;-531,0N429;-530,0N433;-528,0N437;-528,0N442;-530,0N447;-530,0N450;-527,0N450;-523,0N451;-519,0N453;-515,0N452;-511,0N453;-508,0N456;-503,0N458;-499,0N462;-497,0N462;-497,0N464;-497,0N466;-497,0N469;-492,0N471;-495,0N473;-499,0N474;-501,0N475;-503,0N475;-506,0N474;-509,0N472;-511,0N469;-513,0N469;-517,0N468;-521,0N465;-526,0N462;-531,0N458;-535,0N456;-540,0N450;-542,0N447;-544,0N442;-546,0N438;-548,0N434;-549,0N430;-550,0N426;-549,0N420;-551,0N417;-551,0N414;-554,0N412;-556,0N410;-556,0N409;-558,0N407;-559,0N404;-561,0N401;-563,0N400;-566,0N399;-570,0N400;-575,0N400;-581,0N398;-589,0N397;-596,0N396;-603,0N396;-610,0N396;-617,0N394;-623,0N392;-631,0N387;-634,0N384;-636,0N382;-634,0N381;-632,0N379;-632,0N377;-633,0N377;-638,0N376;-642,0N375;-644,0N375;-647,0N374;-651,0N373;-657,0N371;-662,0N368;-668,0N363;-674,0N360;-680,0N358;-684,0N356;-688,0N353;-690,0N351;-692,0N350;-693,0N348;-694,0N344;-694,0N339;-693,0N335;-693,0N332;-693,0N330;-694,0N328;-694,0N325;-695,0N323;-695,0N322;-692,0N321;-690,0N319;-688,0N316;-685,0N314;-683,0N312;-679,0N306;-679,0N303;-679,0N300;-678,0N298;-676,0N298;-674,0N298;-673,0N296;-670,0N295;-668,0N293;-665,0N292;-662,0N291;-659,0N289;-658,0N287;-656,0N284;-656,0N280;-657,0N278;-657,0N275;-657,0N273;-657,0N269;-657,0N265;-657,0N262;-656,0N260;-656,0N258;-656,0N256;-655,0N253;-655,0N253;-653,0N251;-652,0N247;-654,0N245;-656,0N242;-658,0N243;-661,0N243;-665,0N243;-667,0N242;-669,0N243;-671,0N241;-674,0N242;-677,0N240;-681,0N240;-682,0N241;-684,0N241;-684,0N241;-684,0N242;-683,0N244;-681,0N247;-683,0N248;-685,0N248;-685,0N249;-686,0N251;-685,0N252;-683,0N254;-682,0N255;-682,0N258;-684,0N257;-686,0N259;-690,0N260;-694,0N261;-698,0N262;-702,0N263;-705,0N262;-710,0N263;-712,0N263;-716,0N262;-722,0N260;-729,0N257;-735,0N256;-741,0N256;-745,0N256;-749,0N255;-750,0N253;-754,0N252;-757,0N250;-756,0N250;-756,0N248;-758,0N247;-759,0N247;-761,0N248;-764,0N250;-767,0N251;-767,0N251;-770,0N253;-772,0N256;-775,0N258;-777,0N259;-780,0N260;-784,0N261;-786,0N262;-789,0N263;-791,0N265;-793,0N266;-799,0N268;-806,0N269;-814,0N270;-822,0N271;-830,0N271;-835,0N270;-837,0N270;-837,0N269;-837,0N269;-837,0N269;-836,0N270;-836,0N271;-835,0N271;-834,0N273;-833,0N273;-833,0N275;-832,0N275;-832,0N275;-833,0N276;-836,0N278;-835,0N281;-833,0N286;-832,0N295;-830,0N304;-827,0N312;-824,0N320;-818,0N326;-817,0N334;-819,0N340;-825,0N344;-828,0N346;-830,0N347;-834,0N350;-839,0N352;-844,0N355;-847,0N358;-850,0N358;-850,0N358;-853,0N355;-856,0N353;-858,0N350;-864,0N349;-869,0N350;-876,0N353;-881,0N355;-887,0N356;-894,0N357;-899,0N360;-904,0N360;-909,0N359;-914,0N358;-920,0N361;-925,0N362;-932,0N364;-939,0N368;-945,0N372;-949,0N373;-953,0N375;-953,0N378;-954,0N381;-955,0N385;-959,0N389;-961,0N396;-960,0N404;-959,0N412;-960,0N422;-960,0N428;-963,0N431;-965,0N434;-968,0N435;-969,0N439;-972,0N441;-969,0N444;-968,0N448;-968,0N451;-969,0N454;-971,0N458;-973,0N458;-977,0N461;-982,0N464;-984,0N466;-986,0N469;-988,0N471;-993,0N475;-995,0N478;-998,0N481;-999,0N483;-1004,0N485;-1006,0N489;-1010,0N494;-1013,0N499;-1015,0N501;-1020,0N498;-1028,0N497;-1033,0N497;-1036,0N498;-1036,0N498;-1032,0N502;-1027,0N507;-1021,0N513;-1020,0N519;-1022,0N523;-1021,0N529;-1017,0N536;-1011,0N541;-1003,0N547;-997,0N554;-993,0N560;-988,0N566;-986,0N573;-983,0N579;-979,0N586;-974,0N594;-973,0N603;-973,0N609;-976,0N616;-979,0N623;-981,0N631;-980,0N639;-980,0N647;-981,0N652;-983,0N657;-986,0N664;-988,0N668;-991,0N675;-995,0N680;-999,0N686;-1005,0N693;-1006,0N700;-1007,0N707;-1004,0N716;-1002,0N725;-1000,0N734;-999,0N741;-1002,0N748;-1004,0N756;-1007,0N761;-1012,0N765;-1017,0N771;-1018,0N775;-1017,0N779;-1014,0N783;-1011,0N790;-1008,0N799;-1006,0N807;-1004,0N815;-1001,0N821;-999,0N829;-994,0N838;-988,0N844;-984,0N851;-982,0N859;-982,0N868;-983,0N877;-984,0N887;-984,0N896;-982,0N905;-980,0N914;-979,0N923;-977,0N932;-974,0N939;-971,0N948;-966,0N957;-964,0N965;-962,0N974;-959,0N981;-957,0N989;-954,0N996;-952,0N1004;-950,0N1011;-947,0N1020;-944,0N1027;-942,0N1036;-940,0N1043;-937,0N1051;-935,0N1058;-931,0N1065;-928,0N1069;-927,0N1070;-927,0N1072;-927,0N1075;-925,0N1076;-923,0N1079;-923,0N1085;-919,0N1092;-915,0N1099;-910,0N1107;-906,0N1114;-899,0N1121;-893,0N1126;-886,0N1131;-881,0N1139;-875,0N1147;-869,0N1155;-865,0N1162;-861,0N1171;-859,0N1180;-860,0N1189;-861,0N1195;-863,0N1200;-866,0N1206;-866,0N1213;-865,0N1221;-865,0N1228;-866,0N1236;-867,0N1245;-867,0N1252;-870,0N1257;-870,0N1260;-868,0N1265;-868,0N1273;-868,0N1280;-868,0N1288;-864,0N1294;-858,0N1303;-856,0N1310;-854,0N1318;-851,0N1323;-855,0N1330;-857,0N1336;-861,0N1341;-861,0N1343;-863,0N1346;-864,0N1349;-864,0N1353;-864,0N1355;-863,0N1358;-863,0N1362;-862,0N1367;-863,0N1372;-859,0N1380;-859,0N1389;-858,0N1398;-859,0N1407;-863,0N1416;-868,0N1427;-870,0N1437;-871,0N1448;-873,0N1459;-874,0N1469;-881,0N1482;-888,0N1495;-893,0N1505;-900,0N1510;-908,0N1512;-917,0N1513;-923,0N1516;-930,0N1517;-936,0N1518;-943,0N1516;-944,0N1519;-941,0N1522;-940,0N1527;-937,0N1534;-935,0N1535;-933,0N1536;-932,0N1534;-932,0N1534;-931,0N1535;-927,0N1538;-920,0N1541;-913,0N1546;-906,0N1546;-901,0N1547;-898,0N1546;-896,0N1546;-893,0N1545;-891,0N1545;-886,0N1544;-881,0N1547;-873,0N1552;-867,0N1556;-862,0N1561;-860,0N1566;-859,0N1569;-857,0N1571;-852,0N1574;-847,0N1576;-843,0N1576;-838,0N1576;-832,0N1575;-826,0N1577;-815,0N1579;-806,0N1582;-797,0N1583;-788,0N1583;-781,0N1581;-777,0N1578;-776,0N1576;-774,0N1575;-772,0N1572;-771,0N1569;-770,0N1566;-769,0N1562;-766,0N1555;-762,0N1548;-756,0N1540;-752,0N1532;-750,0N1524;-748,0N1515;-746,0N1507;-745,0N1504;-747,0N1502;-748,0N1499;-747,0N1497;-745,0N1496;-742,0N1494;-738,0N1492;-736,0N1490;-733,0N1488;-730,0N1487;-725,0N1488;-718,0N1491;-710,0N1494;-702,0N1493;-696,0N1492;-693,0N1490;-691,0N1489;-686,0N1486;-682,0N1484;-677,0N1479;-676,0N1475;-677,0N1471;-678,0N1467;-679,0N1464;-680,0N1460;-680,0N1457;-681,0N1459;-679,0N1463;-678,0N1461;-678,0N1460;-677,0N1458;-677,0N1457;-676,0N1455;-676,0N1450;-675,0N1446;-674,0N1440;-669,0N1437;-667,0N1434;-667,0N1430;-668,0N1426;-669,0N1421;-667,0N1417;-662,0N1412;-658,0N1406;-654,0N1398;-651,0N1393;-648,0N1388;-647,0N1385;-647,0N1382;-647,0N1379;-648,0N1377;-650,0N1374;-650,0N1372;-653,0N1369;-655,0N1366;-657,0N1362;-659,0N1358;-661,0N1356;-661,0N1353;-661,0N1351;-661,0N1350;-662,0N1346;-662,0N1343;-661,0N1339;-659,0N1334;-656,0N1331;-653,0N1327;-655,0N1324;-657,0N1322;-660,0N1320;-665,0N1317;-671,0N1313;-678,0N1311;-688,0N1307;-697,0N1305;-704,0N1304;-709,0N1300;-716,0N1297;-721,0N1293;-727,0N1289;-734,0N1285;-741,0N1284;-743,0N1281;-746,0N1279;-750,0N1276;-752,0N1271;-755,0N1269;-756,0N1268;-757,0N1267;-756,0N1266;-756,0N1263;-755,0N1260;-754,0N1258;-754,0N1255;-753,0N1251;-752,0N1248;-751,0N1246;-752,0N1244;-754,0N1240;-752,0N1238;-750,0N1234;-751,0N1231;-749,0N1229;-748,0N1228;-747,0N1224;-747,0N1221;-747,0N1219;-747,0N1216;-748,0N1212;-749,0N1207;-750,0N1200;-753,0N1194;-756,0N1188;-761,0N1184;-765,0N1180;-771,0N1177;-777,0N1175;-785,0N1171;-790,0N1170;-797,0N1167;-802,0N1164;-809,0N1162;-816,0N1159;-822,0N1156;-828,0N1153;-835,0N1150;-840,0N1145;-847,0N1140;-854,0N1135;-859,0N1130;-867,0N1126;-873,0N1123;-881,0N1118;-889,0N1112;-896,0N1105;-900,0N1100;-904,0N1094;-909,0N1087;-913,0N1080;-918,0N1075;-920,0N1068;-921,0N1062;-922,0N1057;-923,0N1051;-921,0N1043;-920,0N1036;-919,0N1028;-918,0N1020;-915,0N1014;-912,0N1009;-909,0N1003;-907,0N995;-904,0N989;-903,0N985;-902,0N984;-905,0N980;-910,0N977;-911,0N972;-914,0N968;-917,0N964;-922,0N959;-928,0N954;-935,0N947;-940,0N940;-945,0N932;-946,0N923;-948,0N915;-950,0N910;-948,0N904;-946,0N898;-945,0N892;-945,0N887;-944,0N887;-941,0N885;-935,0N885;-927,0N885;-919,0N882;-914,0N878;-910,0N871;-907,0N866;-903,0N864;-900,0N861;-898,0N860;-896,0N857;-895,0N855;-894,0N854;-894,0N852;-893,0N850;-890,0N847;-890,0N843;-889,0N837;-889,0N830;-887,0N825;-888,0N821;-892,0N817;-897,0N813;-903,0N811;-905,0N808;-905,0N804;-903,0N801;-900,0N799;-898,0N795;-898,0N792;-898,0N789;-896,0N785;-895,0N783;-893,0N780;-890,0N776;-886,0N770;-882,0N768;-875,0N766;-867,0N770;-859,0N773;-850,0N777;-842,0N781;-836,0N782;-831,0N780;-826,0N775;-822,0N768;-820,0N761;-818,0N754;-815,0N746;-812,0N739;-812,0N730;-811,0N723;-808,0N717;-805,0N708;-802,0N701;-800,0N694;-795,0N687;-791,0N681;-786,0N682;-779,0N683;-770,0N685;-760,0N689;-751,0N694;-740,0N697;-731,0N699;-723,0N702;-714,0N706;-705,0N709;-699,0N714;-694,0N711;-692,0N707;-687,0N706;-683,0N707;-675,0N707;-667,0N705;-659,0N704;-651,0N702;-644,0N699;-640,0N696;-636,0N693;-633,0N691;-627,0N688;-621,0N684;-616,0N680;-611,0N677;-605,0N673;-599,0N670;-592,0N666;-586,0N663;-582,0N659;-577,0N655;-572,0N651;-568,0N646;-566,0N643;-565,0N637;-563,0N631;-561,0N628;-559,0N625;-559,0N623;-559,0N620;-558,0N618;-558,0N617;-561,0N615;-564,0N611;-566,0N607;-568,0N605;-568,0N601;-568,0N599;-565,0N597;-563,0N594;-563,0N592;-561,0N589;-559,0N584;-556,0N583;-549,0N583;-543,0N579;-542,0N577;-541,0N577;-539,0N575;-537,0N576;-535,0N576;-533,0N579;-530,0N580;-524,0N580;-521,0N578;-520,0N576;-518,0N575;-517,0N573;-516,0N571;-516,0N567;-518,0N564;-517,0N559;-514,0N554;-511,0N549;-514,0N542;-518,0N537;-523,0N533;-528,0N529;-529,0N525;-529,0N519;-526,0N513;-524,0N509;-522,0N505;-519,0N502;-521,0N499;-521,0N498;-518,0N497;-515,0N496;-516,0N494;-516,0N492;-517,0N491;-520,0N491;-522,0N491;-525,0N490;-529,0N488;-531,0N486;-533,0N484;-536,0N482;-538,0N481;-542,0N478;-545,0N478;-548,0N478;-551,0N477;-553,0N477;-555,0N475;-557,0N473;-559,0N470;-561,0N467;-562,0N464;-564,0N462;-568,0N459;-568,0N456;-568,0N454;-567,0N452;-567,0N449;-568,0N447;-568,0N444;-570,0N441;-572,0N438;-574,0N436;-574,0N436;-575,0N434;-577,0N431;-578,0N428;-580,0N424;-580,0N420;-580,0N417;-580,0N416;-580,0N413;-580,0N410;-580,0N407;-580,0N404;-583,0N403;-585,0N401;-590,0N400;-595,0N399;-602,0N398;-609,0N398;-617,0N400;-625,0N400;-633,0N401;-641,0N402;-650,0N403;-659,0N404;-668,0N406;-676,0N406;-685,0N407;-694,0N408;-704,0N407;-709,0N405;-714,0N402;-716,0N398;-718,0N394;-720,0N392;-722,0N390;-724,0N387;-727,0N384;-727,0N382;-727,0N379;-727,0N376;-726,0N373;-726,0N370;-727,0N367;-728,0N364;-730,0N362;-730,0N361;-733,0N358;-733,0N355;-734,0N352;-734,0N351;-736,0N351;-739,0N350;-745,0N349;-751,0N348;-757,0N348;-757,0N347;-756,0N347;-757,0N344;-758,0N342;-759,0N341;-758,0N338;-758,0N335;-758,0N333;-759,0N330;-761,0N326;-763,0N320;-762,0N313;-763,0N305;-763,0N299;-765,0N292;-768,0N283;-771,0N278;-776,0N266;-777,0N254;-778,0N250;-774,0N244;-769,0N239;-772,0N229;-776,0N222;-779,0N212;-782,0N206;-783,0N200;-786,0N191;-787,0N184;-787,0N179;-788,0N175;-789,0N173;-787,0N172;-783,0N169;-781,0N165;-779,0N162;-776,0N162;-773,0N159;-772,0N156;-774,0N153;-778,0N150;-782,0N147;-786,0N145;-789,0N146;-792,0N149;-795,0N152;-799,0N155;-804,0N161;-809,0N164;-811,0N168;-814,0N169;-817,0N169;-819,0N171;-820,0N173;-820,0N176;-819,0N179;-819,0N181;-819,0N185;-820,0N191;-821,0N197;-824,0N203;-830,0N212;-829,0N223;-829,0N234;-831,0N242;-832,0N248;-832,0N254;-832,0N259;-839,0N263;-846,0N267;-851,0N273;-859,0N274;-866,0N276;-874,0N278;-879,0N281;-886,0N284;-893,0N287;-899,0N291;-903,0N294;-906,0N296;-910,0N298;-913,0N300;-918,0N300;-923,0N301;-928,0N303;-935,0N303;-942,0N306;-950,0N308;-956,0N310;-960,0N313;-961,0N317;-965,0N318;-968,0N318;-972,0N318;-978,0N318;-983,0N317;-986,0N317;-990,0N317;-994,0N316;-997,0N313;-1001,0N311;-1003,0N308;-1006,0N308;-1010,0N309;-1014,0N308;-1020,0N307;-1026,0N303;-1031,0N302;-1032,0N301;-1034,0N299;-1035,0N297;-1038,0N296;-1039,0N295;-1043,0N293;-1044,0N292;-1047,0N290;-1051,0N288;-1057,0N287;-1063,0N287;-1067,0N286;-1071,0N283;-1076,0N279;-1080,0N274;-1086,0N271;-1091,0N269;-1097,0N270;-1101,0N271;-1106,0N271;-1110,0N274;-1115,0N275;-1116,0N279;-1117,0N282;-1118,0N284;-1121,0N281;-1128,0N277;-1135,0N274;-1141,0N271;-1145,0N271;-1147,0N271;-1150,0N271;-1152,0N267;-1152,0N264;-1152,0N259;-1154,0N254;-1158,0N252;-1162,0N251;-1165,0N249;-1170,0N244;-1171,0N237;-1171,0N230;-1172,0N225;-1176,0N221;-1180,0N218;-1184,0N217;-1186,0N214;-1189,0N213;-1193,0N212;-1195,0N210;-1199,0N210;-1202,0N208;-1205,0N205;-1206,0N206;-1208,0N208;-1210,0N210;-1214,0N210;-1220,0N208;-1225,0N205;-1229,0N203;-1231,0N201;-1234,0N203;-1234,0N203;-1237,0N212;-1238,0N214;-1236,0N217;-1236,0N222;-1237,0N224;-1235,0N229;-1236,0N234;-1236,0N240;-1237,0N247;-1238,0N254;-1238,0N260;-1239,0N268;-1237,0N272;-1235,0N275;-1232,0N278;-1228,0N285;-1221,0N290;-1216,0N294;-1211,0N299;-1205,0N302;-1200,0N308;-1194,0N313;-1189,0N317;-1185,0N322;-1180,0N329;-1177,0N334;-1173,0N341;-1166,0N343;-1165,0N344;-1166,0N346;-1168,0N346;-1168,0N348;-1168,0N348;-1166,0N348;-1166,0N354;-1162,0N359;-1160,0N363;-1159,0N367;-1157,0N370;-1153,0N372;-1149,0N375;-1142,0N379;-1137,0N382;-1132,0N387;-1126,0N392;-1120,0N395;-1113,0N396;-1106,0N401;-1101,0N400;-1097,0N401;-1091,0N403;-1084,0N407;-1080,0N412;-1075,0N417;-1074,0N423;-1072,0N428;-1054,0N432;-1059,0N434;-1054,0N436;-1049,0N438;-1045,0N443;-1041,0N448;-1038,0N453;-1034,0N457;-1032,0N460;-1032,0N465;-1032,0N468;-1028,0N472;-1025,0N476;-1022,0N480;-1018,0N485;-1017,0N489;-1017,0N493;-1016,0N495;-1013,0N497;-1011,0N498;-1009,0N499;-1005,0N501;-1002,0N505;-999,0N509;-995,0N514;-989,0N517;-983,0N519;-976,0N524;-970,0N529;-962,0N532;-957,0N537;-953,0N541;-948,0N542;-946,0N542;-944,0N541;-944,0N543;-942,0N547;-938,0N551;-934,0N558;-930,0N564;-926,0N568;-921,0N569;-918,0N572;-915,0N574;-913,0N576;-910,0N575;-906,0N574;-902,0N574;-896,0N574;-888,0N572;-881,0N571;-872,0N571;-862,0N571;-854,0N569;-845,0N567;-835,0N565;-829,0N564;-825,0N564;-823,0N561;-821,0N559;-816,0N557;-812,0N554;-809,0N553;-808,0N551;-807,0N549;-805,0N548;-802,0N547;-800,0N547;-800,0N546;-801,0N546;-801,0N544;-802,0N540;-802,0N537;-803,0N541;-800,0N546;-797,0N554;-794,0N560;-789,0N564;-784,0N569;-777,0N572;-773,0N576;-768,0N579;-764,0N582;-762,0N586;-760,0N588;-760,0N594;-759,0N599;-759,0N604;-759,0N607;-760,0N609;-760,0N610;-758,0N611;-757,0N612;-757,0N613;-757,0N615;-756,0N617;-754,0N621;-754,0N630;-752,0N636;-751,0N641;-747,0N644;-742,0N646;-739,0N651;-736,0N652;-734,0N655;-731,0N657;-728,0N660;-725,0N663;-721,0N666;-716,0N670;-708,0N678;-702,0N686;-695,0N692;-691,0N694;-686,0N698;-682,0N699;-679,0N700;-678,0N700;-677,0N701;-675,0N701;-675,0N701;-673,0N703;-672,0N704;-673,0N705;-671,0N705;-671,0N704;-671,0N704;-671,0N704;-671,0N705;-671,0N704;-673,0N704;-674,0N704;-675,0N704;-675,0N705;-678,0N706;-677,0N707;-676,0N708;-676,0N708;-674,0N711;-672,0N712;-673,0N716;-671,0N718;-670,0N720;-668,0N722;-667,0N726;-667,0N729;-667,0N731;-665,0N734;-664,0N735;-662,0N735;-661,0N735;-658,0N737;-656,0N737;-653,0N737;-650,0N737;-647,0N737;-644,0N737;-641,0N735;-639,0N736;-636,0N736;-634,0N739;-632,0N742;-632,0N741;-634,0N742;-637,0N742;-644,0N740;-652,0N741;-654,0N743;-657,0N746;-659,0N751;-662,0N761;-667,0N764;-670,0N769;-675,0N771;-679,0N772;-679,0N773;-680,0N774;-683,0N775;-687,0N776;-689,0N777;-692,0N780;-693,0N784;-693,0N787;-692,0N791;-696,0N791;-697,0N794;-698,0N796;-700,0N798;-704,0N800;-707,0N805;-712,0N811;-715,0N818;-717,0N823;-720,0N827;-723,0N830;-725,0N833;-724,0N836;-724,0N838;-724,0N839;-724,0N839;-723,0N839;-722,0N839;-726,0N841;-728,0N843;-730,0N844;-734,0N846;-737,0N849;-741,0N850;-743,0N852;-745,0N856;-744,0N859;-742,0N863;-742,0N867;-742,0N870;-744,0N872;-746,0N874;-747,0N876;-748,0N878;-748,0N880;-749,0N880;-751,0N881;-754,0N881;-756,0N879;-759,0N879;-762,0N879;-764,0N877;-767,0N875;-769,0N872;-775,0N868;-779,0N866;-784,0N864;-791,0N863;-795,0N864;-797,0N865;-801,0N866;-804,0N867;-807,0N869;-810,0N871;-812,0N873;-813,0N873;-816,0N874;-819,0N874;-824,0N874;-829,0N873;-835,0N872;-841,0N872;-847,0N873;-851,0N877;-854,0N881;-858,0N887;-861,0N895;-862,0N905;-864,0N914;-866,0N918;-869,0N923;-872,0N926;-873,0N930;-871,0N934;-871,0N939;-875,0N945;-878,0N951;-881,0N957;-886,0N963;-889,0N970;-891,0N977;-892,0N984;-895,0N990;-898,0N997;-901,0N1003;-902,0N1011;-905,0N1018;-908,0N1026;-912,0N1032;-914,0N1040;-917,0N1047;-920,0N1055;-923,0N1062;-926,0N1070;-929,0N1076;-931,0N1084;-934,0N1093;-939,0N1102;-943,0N1110;-944,0N1118;-947,0N1128;-949,0N1136;-953,0N1144;-957,0N1155;-961,0N1163;-965,0N1172;-969,0N1181;-972,0N1190;-976,0N1198;-977,0N1207;-980,0N1216;-983,0N1222;-986,0N1226;-990,0N1229;-999,0N1228;-1006,0N1228;-1016,0N1229;-1027,0N1231;-1036,0N1232;-1046,0N1231;-1055,0N1236;-1064,0N1245;-1065,0N1253;-1068,0N1262;-1070,0N1268;-1071,0N1275;-1073,0N1279;-1070,0N1282;-1068,0N1284;-1068,0N1288;-1068,0N1293;-1069,0N1294;-1072,0N1295;-1075,0N1297;-1078,0N1298;-1082,0N1299;-1086,0N1301;-1090,0N1301;-1094,0N1302;-1098,0N1301;-1101,0N1300;-1109,0N1300;-1112,0N1300;-1110,0N1302;-1109,0N1302;-1109,0N1303;-1108,0N1303;-1108,0N1304;-1110,0N1305;-1115,0N1307;-1119,0N1309;-1123,0N1313;-1124,0N1318;-1125,0N1322;-1129,0N1324;-1132,0N1327;-1136,0N1329;-1138,0N1331;-1143,0N1332;-1147,0N1334;-1150,0N1336;-1152,0N1338;-1155,0N1339;-1161,0N1338;-1164,0N1341;-1167,0N1341;-1171,0N1343;-1173,0N1345;-1174,0N1349;-1174,0N1351;-1178,0N1352;-1182,0N1353;-1187,0N1357;-1191,0N1360;-1196,0N1363;-1200,0N1367;-1204,0N1370;-1207,0N1371;-1211,0N1372;-1215,0N1373;-1217,0N1373;-1220,0N1373;-1224,0N1372;-1228,0N1371;-1231,0N1370;-1235,0N1373;-1237,0N1376;-1239,0N1381;-1241,0N1384;-1243,0N1387;-1244,0N1390;-1245,0N1395;-1247,0N1395;-1250,0N1396;-1252,0N1398;-1254,0N1399;-1256,0N1400;-1259,0N1403;-1261,0N1402;-1264,0N1403;-1266,0N1404;-1268,0N1405;-1269,0N1405;-1270,0N1406;-1272,0N1407;-1272,0N1407;-1272,0N1408;-1272,0N1407;-1273,0N1409;-1273,0N1409;-1273,0N1410;-1273,0N1411;-1273,0N1411;-1276,0N1410;-1277,0N1411;-1278,0N1415;-1278,0N1418;-1277,0N1423;-1277,0N1423;-1277,0N1425;-1277,0N1423;-1277,0N1422;-1269,0N1420;-1263,0N1422;-1259,0N1425;-1256,0N1431;-1255,0N1438;-1253,0N1445;-1252,0N1453;-1249,0N1462;-1248,0N1470;-1248,0N1477;-1246,0N1484;-1244,0N1489;-1243,0N1496;-1243,0N1504;-1241,0N1512;-1239,0N1515;-1238,0N
