1|1|O|2;330;-653;0;0N1;409;-952;0;0N4;333;-671;403;-933N1;714;-911;0;0N4;428;-950;694;-914N3;378;-981;1;0N1;1000;-794;0;0N4;732;-904;981;-802N3;710;-944;2;0N1;924;-498;0;0N4;995;-775;928;-518N3;1017;-814;3;0N1;615;-556;0;0N4;904;-502;634;-553N3;929;-485;4;0N3;620;-543;5;0N4;337;-634;310;-642N4;337;-634;331;-665N4;331;-665;310;-642N
2|1|N|2;330;-653;0;0N1;615;-556;0;0N4;346;-645;596;-563N1;924;-498;0;0N4;634;-553;904;-502N3;594;-540;1;0N1;592;-745;0;0N4;907;-510;608;-734N3;942;-496;2;0N1;409;-952;0;0N4;578;-760;422;-938N3;557;-735;3;0N1;714;-911;0;0N4;428;-950;694;-914N3;367;-972;4;0N1;1000;-794;0;0N4;732;-904;981;-802N3;710;-944;5;0N1;714;-911;0;0N4;981;-802;732;-904N3;1018;-793;6;0N1;409;-952;0;0N4;694;-914;428;-950N3;710;-944;7;0N1;592;-745;0;0N4;422;-938;578;-760N3;367;-972;8;0N1;924;-498;0;0N4;608;-734;907;-510N3;557;-735;9;0N1;615;-556;0;0N4;904;-502;634;-553N3;942;-496;10;0N3;633;-554;11;0N4;310;-643;319;-669N4;310;-643;341;-647N4;341;-647;319;-669N
3|1|E|2;330;-653;0;0N1;409;-952;0;0N4;333;-671;403;-933N1;714;-911;0;0N4;428;-950;694;-914N3;378;-981;1;0N1;592;-745;0;0N4;702;-895;603;-762N3;732;-929;2;0N1;714;-911;0;0N4;603;-762;702;-895N3;560;-733;3;0N1;1000;-794;0;0N4;732;-904;981;-802N3;693;-944;4;0N1;924;-498;0;0N4;995;-775;928;-518N3;1017;-814;5;0N1;1000;-794;0;0N4;928;-518;995;-775N3;903;-482;6;0N1;714;-911;0;0N4;981;-802;732;-904N3;1017;-814;7;0N1;409;-952;0;0N4;694;-914;428;-950N3;710;-944;8;0N3;405;-985;9;0N4;337;-634;310;-642N4;337;-634;331;-665N4;331;-665;310;-642N
4|1|&|2;330;-653;0;0N1;409;-952;0;0N4;333;-671;403;-933N1;714;-911;0;0N4;428;-950;694;-914N3;378;-981;1;0N1;592;-745;0;0N4;702;-895;603;-762N3;732;-929;2;0N1;615;-556;0;0N4;594;-726;612;-576N3;548;-760;3;0N1;924;-498;0;0N4;634;-553;904;-502N3;578;-547;4;0N1;1000;-794;0;0N4;928;-518;995;-775N3;929;-485;5;0N1;714;-911;0;0N4;981;-802;732;-904N3;1017;-814;6;0N1;592;-745;0;0N4;702;-895;603;-762N3;693;-944;7;0N1;615;-556;0;0N4;594;-726;612;-576N3;548;-760;8;0N3;571;-571;9;0N4;337;-634;310;-642N4;337;-634;331;-665N4;331;-665;310;-642N
5|1|T|2;330;-653;0;0N1;615;-556;0;0N4;346;-645;596;-563N1;924;-498;0;0N4;634;-553;904;-502N3;594;-540;1;0N1;615;-556;0;0N4;904;-502;634;-553N3;944;-502;2;0N1;714;-911;0;0N4;620;-576;708;-892N3;574;-551;3;0N1;615;-556;0;0N4;708;-892;620;-576N3;710;-944;4;0N3;611;-589;5;0N4;310;-643;319;-669N4;310;-643;341;-647N4;341;-647;319;-669N
6|1|H|2;330;-653;0;0N1;615;-556;0;0N4;346;-645;596;-563N1;714;-911;0;0N4;620;-576;708;-892N3;618;-542;1;0N1;409;-952;0;0N4;694;-914;428;-950N3;729;-933;2;0N1;714;-911;0;0N4;428;-950;694;-914N3;364;-964;3;0N1;1000;-794;0;0N4;732;-904;981;-802N3;710;-944;4;0N1;714;-911;0;0N4;981;-802;732;-904N3;1018;-793;5;0N1;615;-556;0;0N4;708;-892;620;-576N3;687;-942;6;0N1;924;-498;0;0N4;634;-553;904;-502N3;574;-551;7;0N1;615;-556;0;0N4;904;-502;634;-553N3;944;-502;8;0N3;635;-560;9;0N4;310;-643;319;-669N4;310;-643;341;-647N4;341;-647;319;-669N
7|1|R|2;330;-653;0;0N1;615;-556;0;0N4;346;-645;596;-563N1;924;-498;0;0N4;634;-553;904;-502N3;594;-540;1;0N1;1000;-794;0;0N4;928;-518;995;-775N3;929;-485;2;0N1;714;-911;0;0N4;981;-802;732;-904N3;1017;-814;3;0N1;592;-745;0;0N4;702;-895;603;-762N3;693;-944;4;0N1;409;-952;0;0N4;578;-760;422;-938N3;581;-729;5;0N1;592;-745;0;0N4;422;-938;578;-760N3;375;-979;6;0N1;615;-556;0;0N4;594;-726;612;-576N3;610;-764;7;0N3;633;-575;8;0N4;310;-643;319;-669N4;310;-643;341;-647N4;341;-647;319;-669N
8|1|I|2;330;-653;0;0N1;615;-556;0;0N4;346;-645;596;-563N1;924;-498;0;0N4;634;-553;904;-502N3;594;-540;1;0N1;615;-556;0;0N4;904;-502;634;-553N3;944;-502;2;0N3;635;-560;3;0N4;310;-643;319;-669N4;310;-643;341;-647N4;341;-647;319;-669N
9|1|G|2;330;-653;0;0N1;409;-952;0;0N4;333;-671;403;-933N1;714;-911;0;0N4;428;-950;694;-914N3;378;-981;1;0N1;1000;-794;0;0N4;732;-904;981;-802N3;710;-944;2;0N1;924;-498;0;0N4;995;-775;928;-518N3;1017;-814;3;0N1;615;-556;0;0N4;904;-502;634;-553N3;929;-485;4;0N1;592;-745;0;0N4;612;-576;594;-726N3;578;-547;5;0N1;615;-556;0;0N4;594;-726;612;-576N3;576;-778;6;0N1;924;-498;0;0N4;634;-553;904;-502N3;578;-547;7;0N1;1000;-794;0;0N4;928;-518;995;-775N3;929;-485;8;0N1;714;-911;0;0N4;981;-802;732;-904N3;1017;-814;9;0N1;409;-952;0;0N4;694;-914;428;-950N3;710;-944;10;0N3;405;-985;11;0N4;337;-634;310;-642N4;337;-634;331;-665N4;331;-665;310;-642N
10|1|P|2;330;-653;0;0N1;615;-556;0;0N4;346;-645;596;-563N1;924;-498;0;0N4;634;-553;904;-502N3;594;-540;1;0N1;1000;-794;0;0N4;928;-518;995;-775N3;929;-485;2;0N1;714;-911;0;0N4;981;-802;732;-904N3;1017;-814;3;0N1;592;-745;0;0N4;702;-895;603;-762N3;693;-944;4;0N1;615;-556;0;0N4;594;-726;612;-576N3;548;-760;5;0N3;571;-571;6;0N4;310;-643;319;-669N4;310;-643;341;-647N4;341;-647;319;-669N
11|1|L|2;330;-653;0;0N1;615;-556;0;0N4;346;-645;596;-563N1;924;-498;0;0N4;634;-553;904;-502N3;594;-540;1;0N1;1000;-794;0;0N4;928;-518;995;-775N3;929;-485;2;0N1;924;-498;0;0N4;995;-775;928;-518N3;996;-827;3;0N1;615;-556;0;0N4;904;-502;634;-553N3;929;-485;4;0N3;620;-543;5;0N4;310;-643;319;-669N4;310;-643;341;-647N4;341;-647;319;-669N
12|1|Sprint|2;330;-653;0;0N1;592;-745;0;0N4;346;-658;573;-739N1;409;-952;0;0N4;578;-760;422;-938N3;611;-747;1;0N1;714;-911;0;0N4;428;-950;694;-914N3;367;-972;2;0N1;592;-745;0;0N4;702;-895;603;-762N3;732;-929;3;0N1;924;-498;0;0N4;608;-734;907;-510N3;547;-750;4;0N1;1000;-794;0;0N4;928;-518;995;-775N3;923;-483;5;0N1;592;-745;0;0N4;980;-792;611;-748N3;1012;-819;6;0N1;615;-556;0;0N4;594;-726;612;-576N3;554;-769;7;0N3;577;-580;8;0N4;319;-634;310;-660N4;319;-634;341;-656N4;341;-656;310;-660N
