1|Score Kevin Fielding|START|FINISH|113|119|130|129|128|132|114|131|127|112|111|125|133|134|110|124|135|123|117|136|137|118|122|138|121|139|120|115|116|126
2|Score Simon Harston|START|FINISH|113|119|130|129|128|132|114|131|127|112|133|125|111|126|110|134|124|135|123|117|136|137|118|122|138|139|120
3|Score Vince Roper|START|FINISH|113|119|130|129|128|132|114|131|133|125|112|127|111|126|110|134|124|135|123|117|136|137|118|138|139|120
4|Score Richard Hime|START|FINISH|113|119|130|129|132|128|114|131|127|112|111|125|133|134|110|124|135|123|117|136|137|118|122|138|121|139|120
5|Score Roger Thetford|START|FINISH|113|119|130|129|132|128|114|131|127|112|125|111|126|110|134|124|135|123|117|136|137|118|122|138|139|120
6|Score Chris Kemp|START|FINISH|113|119|130|129|132|128|114|131|127|112|125|133|134|124|135|123|117|136|137|118|122|138|139|120
7|Score Bethany Hanson|START|FINISH|126|116|115|120|139|121|138|122|118|137|136|117|123|135|124|134|133|125|112|127|131|114|132|128|119
8|Score Jack Kosky|START|FINISH|113|119|130|129|128|132|114|131|127|112|125|133|134|124|135|123|117|136|137|122|138|139|115|120
9|Score Ian Ditchfield|START|FINISH|113|119|130|129|132|128|114|131|127|112|133|125|111|126|110|134|124|135|123|117|136|137|118|138|121|139
10|Score Samuel Fielding|START|FINISH|126|116|115|120|139|121|138|122|118|137|136|117|123|135|124|134|110|111|112|125|133|127|114|131|128|132|129|130|119|113
11|Score Bohdan Rainczuk|START|FINISH|113|119|130|129|128|132|114|131|127|112|125|111|126|110|134|124|135|123|117|136|137|118|121|139|120
12|Score Dorien James|START|FINISH|120|139|121|138|122|118|137|136|117|123|135|124|134|110|126|125|133|131|114|132|129|128|113
13|Score Mick Smith|START|FINISH|113|119|130|129|132|128|114|131|133|134|124|135|123|117|136|137|118|122|138|121|139|120
14|Score Michael Muggeridge|START|FINISH|113|119|130|129|128|132|114|131|127|112|125|133|134|110|124|135|123|117|136|137|118|122|138|139|115|116|126
15|Score Ian Webb|START|FINISH|113|119|130|129|128|132|114|131|127|112|133|125|111|126|110|134|124|135|123|117|136|137|118|122|138|121|139|115|116|120
16|Score Jacob Sharpe|START|FINISH|120|139|121|138|122|118|137|136|117|123|135|124|134|133|125|112|127|114|132|129|128|119
17|Score Andrew Welsh|START|FINISH|120|139|121|138|122|118|137|136|117|123|135|124|134|133|127|131|114|132|129|119
18|Score Nick Butcher|START|FINISH|120|139|121|138|122|118|137|136|117|123|135|124|134|133|125|127|131|114|128|129
19|Score Brian Cowe|START|FINISH|113|119|130|129|132|128|114|131|133|125|112|127|111|126|110|134|124|135|123|117|136|137|118|138
20|Score Tony Maycraft|START|FINISH|126|116|115|120|139|121|138|122|118|137|136|117|123|135|124|134|110|111|125|133|112|127
21|Score Neil Brooks|START|FINISH|111|112|125|126|110|134|135|123|117|136|137|118|122|138|121|139|120|119|130|129|128|113
22|Score Jayne Sales|START|FINISH|127|112|125|133|131|114|132|128|129|130|119|120|139|118|137|136|117|123|116|126|111
23|Score Alan Hickling|START|FINISH|126|110|135|123|117|136|137|118|122|138|121|139|120|119|130|129|132|114|128|113
24|Score Ian Byford|START|FINISH|120|139|121|138|122|118|137|136|117|123|135|124|134|110|116|115|126|111|112|127|113
25|Score Ian Buxton|START|FINISH|127|112|125|133|134|124|135|136|137|118|122|138|121|139|120|115|116|126
26|Score Shane Muggeridge|START|FINISH|119|130|129|128|114|131|127|112|111|126|110|124|135|123|117|136|137|118|121|139
27|Score Eric Heritage|START|FINISH|111|112|125|133|127|131|114|132|128|129|130|119|113|120|121|138|139|115|116|126
28|Score Colin Webster|START|FINISH|127|112|133|125|111|126|110|134|124|135|123|117|136|137|118|138|139|120
29|Score John Williams|START|FINISH|113|119|130|129|132|128|114|131|127|112|125|126|124|135|116|115|139|121|120
30|Score Sue Carter|START|FINISH|113|119|130|129|128|132|114|131|133|125|112|127|111|126|110|134|124|135|116
31|Score Samantha Martin|START|FINISH|126|116|123|117|136|137|118|122|138|121|139|120|119|130|129|132|128|113
32|Score Laura Parkes|START|FINISH|126|116|115|120|139|121|138|122|118|137|136|117|123|135|124|134|110|111|112|127
33|Score Daniel Nillsson|START|FINISH|113|119|130|129|128|132|114|131|127|112|111|125|133|134|110|124|135|123
34|Score John Duffield|START|FINISH|127|114|131|132|128|129|130|119|113|133|125|112|111|126|116|115|139|121|120
35|Score Miranda Leaf|START|FINISH|113|119|130|129|128|132|114|131|133|125|112|127|111|126|116|115|139|121|120
36|Score Sarah Mansel|START|FINISH|113|119|130|129|128|132|114|131|127|133|125|112|111|126|116|115|139|121|120
37|Score Fiona Peterson|START|FINISH|113|119|130|129|132|128|114|131|133|125|112|127|111|126|116|115|139|121|120
38|Score Keith Verralls|START|FINISH|120|139|121|138|122|118|137|136|123|124|133|131|114|128|129|119
39|Score Mike Elliot|START|FINISH|113|119|130|129|128|132|114|131|127|133|125|112|111|126|116|115|139|120
40|Score Peter Martin|START|FINISH|113|119|130|129|128|132|114|131|133|125|112|127|111|134|124|110|126
41|Score Philip Halford|START|FINISH|126|116|115|120|121|139|138|122|118|137|136|117|135|124|110|125|133|127|114|113
42|Score Sue Jones|START|FINISH|120|139|138|122|137|136|135|126|111|127|131|114|128|119|113
43|Score Owen Haigh|START|FINISH|126|116|115|120|139|121|138|122|118|137|136|117|123|110|111|112|127|113
44|Score Christine Robinson|START|FINISH|113|119|130|129|128|132|114|131|127|133|125|126|116|115|139|120
45|Score Adam Leaf|START|FINISH|127|112|125|133|134|124|135|123|117|136|137|118|139|120
46|Score David Hodson|START|FINISH|126|116|115|120|139|121|138|122|118|137|136|117|123|135|124
47|Score Mike Perry|START|FINISH|120|121|139|115|116|126|111|112|125|133|131|114|132|128|129|119|113
48|Score Avvai Singam|START|FINISH|113|119|130|129|128|132|114|131|127|112|125|111|110|124|134|126|116
49|Score Graham Sutton|START|FINISH|111|126|110|135|123|117|136|137|118|122|138|139|121|120|115|116
50|Score John Embrey|START|FINISH|120|139|121|138|122|118|137|136|117|123|135|124|134|110|126|111|112|127
51|Score Kevin Parkes|START|FINISH|111|112|125|133|127|131|114|128|132|129|130|119|120|139|118|137|136|117|123
52|Score Linnea Nilsson|START|FINISH|127|131|114|132|128|129|130|119|113|112|133|125|126|116|115|120
53|Score Rod Mansel|START|FINISH|127|131|114|132|128|129|130|119|113|120|139|138|122|121
54|Score Gillian Hanson|START|FINISH|120|139|121|138|122|118|137|136|117|135|124|110|126|116|115
55|Score Andrew Goldstone|START|FINISH|126|134|124|135|123|117|136|137|118|122|138|121|139|120
56|Score Catherine Galvin|START|FINISH|127|131|133|134|124|135|123|117|136|137|118|138|139|120
57|Score Lachlan Haigh|START|FINISH|126|116|115|120|121|139|138|122|118|137|136|117|123|135
58|Score Daniel Figg|START|FINISH|127|112|125|133|111|126|116|115|139|121|138|122|118|137|120
59|Score Paul ODonnell|START|FINISH|120|139|121|138|118|136|137|135|124|134|126|116|115
60|Score Bob Alderson|START|FINISH|126|110|124|135|123|117|136|137|118|138|121|139|120
61|Score Tim Pribul|START|FINISH|126|110|134|124|135|123|117|136|137|118|139|115|120
62|Score Kate + David Frampton|START|FINISH|113|119|130|129|128|132|114|131|127|133|125|112|111|126
63|Score Roger Moulding|START|FINISH|111|112|127|114|131|125|133|134|124|135|123|117|116|115|120|139
64|Score John Burdon|START|FINISH|127|114|131|133|125|111|126|134|124|135|116|115|120
65|Score Ruth Rhodes|START|FINISH|120|139|121|138|122|118|137|136|117|123|116|126
66|Score Ian Kosky|START|FINISH|127|114|131|128|132|130|119|113|120|139|115|116|126
67|Score Philip Young|START|FINISH|113|119|130|129|128|132|114|131|127|112|125|133|111
68|Score Carys James|START|FINISH|113|119|130|129|128|132|114|131|112|111|126|124|137|118|138|121
69|Score Jacqueline Embrey|START|FINISH|119|130|129|128|132|114|131|127|112|133|125|111
70|Score Daniel Adams|START|FINISH|126|116|115|120|121|138|122|118|137|136|117|123|135
71|Score Andy Robinson|START|FINISH|113|119|130|129|132|128|114|131|127|111|112|125|133|134|110|124|135|123|117|136|137|118|122|138|121|139|120|115|116|126
72|Score Penny Parkes|START|FINISH|113|119|130|129|128|132|114|131|133|125|112|111
73|Score Will James|START|FINISH|127|112|111|125|133|126|116|115|120|139|121|130
74|Score Rachel Kosky|START|FINISH|111|126|110|134|135|123|117|137|118|139|120
75|Score Ros James|START|FINISH|120|139|138|122|118|137|135|124|116|126
76|Score Anne Power|START|FINISH|120|139|121|138|122|118|136|117|123|116|126
77|Score Daniel Hodson|START|FINISH|126|116|115|139|120|119|128|132|114|131|127
78|Score Frida Petersen|START|FINISH|127|114|131|132|129|128|119|130|113|120
79|Score Marion Bond|START|FINISH|113|119|130|129|128|132|114|131|127|112|111
80|Score J Petersen|START|FINISH|111|112|133|125|127|131|114|129|128|113|120
81|Score Stephen Clayton|START|FINISH|127|133|125|126|124|135|123|116|115|120
82|Score Lynne Moulding|START|FINISH|111|125|133|112|127|131|114|132|128|129|119|113|120|115|116
83|Score Jennifer Taylor|START|FINISH|111|125|112|127|131|114|132|129|128|119|113
84|Score Beth Hanson|START|FINISH|120|139|121|138|122|118|137
85|Score Kinnar Patel|START|FINISH|111|112|127|113|128|132|114|131|120
86|Score A + J Robb|START|FINISH|127|114|131|132|129|130|119|113
87|Score Sally Pribul|START|FINISH|115|116|126|111|112|127|131|114|128|119|113
88|Score Rosemary Beardow|START|FINISH|113|119|130|129|132|131|114|127
89|Score Iain Embrey|START|FINISH|113|119|130|129|132|128|114|131|127
90|Score Anna Herbert|START|FINISH|127|114|131|133|125|112|111|126
91|Score Rhiannon Harston|START|FINISH|126|116|123|117|135|124|134|110
92|Score Catherine Kay|START|FINISH|127|112|111|126|116|115|139|138|118
93|Score Tegan + Nicola Frampton|START|FINISH|127|112|111|126|116|115|139|138|122|118
94|Score Nikolay Kolev|START|FINISH|113|119|130|129|128|132|114|131|127|111|112|133|125|126|110|134|124|135|123|118
95|Score B + S Maycraf-Grihalva|START|FINISH|126|134|124|135|111|112|127
96|Score Mate Jenei|START|FINISH|126|110|134|124|135|116|115
97|Score Geoff + George Hardy|START|FINISH|126|116|115|111|112|125|133|127
98|Score Bob Kay|START|FINISH|111|112|127|131|114|128|113|119
99|Score Chloe Adams|START|FINISH|111|126|134|110|124|135|116|115|120
100|Score Freddie Goldstone|START|FINISH|126|116|115|120|139|119|129|128|113
101|Score Emile Zsak|START|FINISH|127|112|111|126|116|115|120
102|Score Clare Chapman|START|FINISH|120|139|115|116|126|111|112|127|113
103|Score Chris Miller|START|FINISH|111|126|116|110|134|124|135|123|136|137|118|139|120
104|Score Adam Adams|START|FINISH|111|126|134|110|124|135|116|115
105|Score Gideon Felton|START|FINISH|126|110|134|124|135|123|137
