1|START|121|155|157|103|125|109|168|130|148|164|111|122|167|150|154|149|126|140|129|128|127|146|118|133|107|117|104|176|124|144|153|101|FINISH
2|START|147|172|152|162|157|103|125|109|168|151|148|164|149|126|140|106|108|160|127|146|102|133|107|110|104|176|113|115|101|FINISH
3|START|170|116|172|152|135|157|166|125|109|114|151|148|164|149|126|140|106|144|160|127|174|102|133|145|153|101|FINISH
4|START|159|116|137|135|103|125|131|109|168|130|148|164|142|122|108|128|127|174|104|153|101|FINISH
5|START|121|155|172|152|162|157|166|125|112|158|114|130|148|164|177|111|122|144|115|101|FINISH
6|START|147|116|137|163|135|162|112|109|114|151|148|164|142|138|129|144|115|101|FINISH
7|START|170|116|155|163|158|114|171|151|148|164|177|111|122|108|115|101|FINISH
8|START|115|153|117|174|102|133|104|176|113|124|144|101|FINISH
9|START|141|134|132|143|124|165|136|108|101|FINISH
10|START|123|105|132|175|139|173|124|120|156|101|FINISH
11|START|119|123|141|105|169|120|161|156|101|FINISH
