1|START|172|132|178|184|138|166|119|131|136|181|159|194|162|134|135|112|FINISH
2|START|163|167|123|124|156|128|131|136|122|159|175|162|134|193|112|FINISH
3|START|199|167|123|138|166|156|128|131|119|136|178|175|162|134|135|192|112|FINISH
4|START|172|167|170|119|136|128|157|130|140|124|138|158|181|159|175|188|134|193|112|FINISH
5|START|113|107|101|176|102|103|104|105|191|106|109|117|118|112|FINISH
6|START|101|102|103|182|115|137|116|191|109|179|110|111|112|FINISH
7|START|108|176|103|196|155|184|137|105|109|179|198|112|FINISH
8|START|171|133|103|196|197|180|183|185|116|106|109|118|112|FINISH
9|START|199|167|123|138|166|180|160|158|122|159|162|134|135|192|112|FINISH
10|START|108|175|132|123|138|166|119|160|158|181|106|134|135|112|FINISH
11|START|172|132|138|170|124|156|160|158|122|159|188|134|193|112|FINISH
12|START|194|123|138|124|156|128|119|122|159|162|134|193|112|FINISH
13|START|194|167|170|160|128|157|130|140|124|138|158|122|159|188|134|135|112|FINISH
14|START|171|101|176|102|104|116|191|106|109|179|110|111|112|FINISH
15|START|113|107|101|176|102|103|182|115|116|191|109|117|118|112|FINISH
16|START|101|133|103|196|197|184|137|105|109|179|198|112|FINISH
17|START|108|199|103|196|197|180|183|185|105|106|179|118|112|FINISH
18|START|194|175|178|123|170|180|160|181|191|134|192|112|FINISH
