1|START|146|141|125|143|137|123|155|120|122|135|106|136|132|119|111|139|131|140|142|100|FINISH
2|START|132|119|111|143|131|144|110|154|125|147|133|139|155|120|140|142|100|FINISH
3|START|146|132|110|119|111|127|137|123|103|141|125|147|155|120|144|134|128|142|100|FINISH
4|START|130|146|141|125|127|137|123|109|114|106|126|144|134|128|142|100|FINISH
5|START|140|110|119|111|143|137|123|109|155|132|134|150|100|FINISH
6|START|130|117|135|147|109|114|106|126|144|134|150|100|FINISH
7|START|120|117|154|135|147|109|104|144|150|100|FINISH
8|START|120|115|107|103|114|126|118|124|100|FINISH
9|START|148|145|149|151|105|115|153|118|113|116|101|FINISH
10|START|148|121|108|151|105|113|112|116|138|101|FINISH
