1|START|134|138|121|143|150|156|155|153|166|102|145|125|130|128|127|133|132|129|120|101|FINISH
2|START|134|138|123|143|150|156|155|167|154|102|168|125|130|128|127|131|132|129|122|101|FINISH
3|START|135|138|123|143|141|140|146|151|152|167|166|163|165|116|158|130|128|127|131|132|119|122|101|FINISH
4|START|118|137|124|126|146|149|142|100|140|163|133|132|119|122|101|FINISH
5|START|118|137|121|126|146|149|142|100|140|163|136|131|129|120|101|FINISH
6|START|124|126|130|148|127|136|131|129|101|FINISH
7|START|111|117|157|114|113|159|148|160|162|129|101|FINISH
8|START|118|137|124|158|126|125|159|163|160|131|162|129|120|101|FINISH
9|START|112|111|110|109|108|107|106|105|104|103|101|FINISH
10|START|111|109|157|161|144|164|107|106|104|101|FINISH
