1|START|162|154|124|101|164|105|106|170|169|110|103|111|185|179|131|167|172|108|129|189|161|128|187|120|FINISH
2|START|162|174|123|153|101|176|164|105|181|127|169|110|178|139|185|113|140|131|155|156|168|143|180|167|172|126|161|120|FINISH
3|START|102|123|153|101|176|122|105|181|170|121|110|103|111|138|109|194|172|108|126|128|120|FINISH
4|START|102|100|152|163|122|105|181|160|121|137|134|167|115|126|161|120|FINISH
5|START|160|121|119|103|139|138|131|198|194|108|188|189|159|120|FINISH
6|START|173|100|124|163|122|105|170|169|110|103|111|185|179|114|190|166|125|157|128|187|120|FINISH
7|START|102|154|153|101|176|122|105|181|160|171|168|107|147|135|196|158|141|128|187|120|FINISH
8|START|162|154|123|124|163|164|105|106|127|135|196|158|157|141|120|FINISH
9|START|127|112|169|136|138|131|198|194|108|157|187|120|FINISH
10|START|158|193|104|112|168|116|135|166|125|126|157|130|120|FINISH
11|START|158|171|104|112|116|107|157|130|120|FINISH
12|START|151|191|165|175|104|197|199|200|186|118|195|184|192|141|187|120|FINISH
13|START|151|177|171|180|172|166|183|184|189|141|128|187|120|FINISH
14|START|151|177|171|104|112|116|183|184|189|141|128|187|120|FINISH
15|START|151|191|165|171|175|104|195|184|192|141|187|120|FINISH
16|START|144|205|203|204|165|149|150|182|120|FINISH
17|START|201|202|145|146|148|149|150|182|120|FINISH
18|START|173|154|123|153|101|176|164|105|106|170|114|137|136|178|111|185|113|132|133|137|155|117|168|143|137|134|167|115|166|193|189|161|128|187|120|FINISH
19|START|173|154|123|153|101|176|164|105|106|170|114|137|155|117|168|143|137|136|178|111|185|113|132|133|137|134|167|115|166|193|189|161|128|187|120|FINISH
