1|START|128|102|126|115|107|131|114|129|105|133|111|FINISH
2|START|106|123|109|140|119|122|113|110|129|118|124|139|111|FINISH
3|START|121|104|120|112|121|107|138|103|121|134|117|108|132|101|108|125|105|108|133|111|FINISH
4|START|121|104|120|112|121|107|138|103|121|134|117|108|132|101|108|125|105|108|133|111|FINISH
5|START|121|107|138|103|121|104|120|112|121|134|117|108|132|101|108|125|105|108|133|111|FINISH
6|START|121|104|120|112|121|107|138|103|121|134|117|108|125|105|108|132|101|108|133|111|FINISH
7|START|121|107|138|103|121|104|120|112|121|134|117|108|125|105|108|132|101|108|133|111|FINISH
8|START|127|136|134|127|135|107|127|104|120|112|103|137|132|101|133|111|FINISH
9|START|127|135|107|127|136|134|127|104|120|112|103|137|132|101|133|111|FINISH
10|START|128|102|126|115|107|131|114|129|105|133|111|FINISH
11|START|106|123|109|130|116|122|113|110|129|118|124|139|111|FINISH
12|START|106|123|109|140|119|122|113|110|129|118|124|139|111|FINISH
