1|START|148|147|149|153|152|151|150|121|155|156|140|159|157|160|162|163|164|165|167|158|161|123|122|130|128|127|174|119|129|120|112|171|100|FINISH
2|START|132|149|145|150|152|121|155|108|156|140|147|129|159|160|162|163|123|173|120|125|165|167|161|130|128|107|141|100|FINISH
3|START|148|132|105|175|151|103|108|113|104|109|119|174|106|122|157|164|162|163|125|161|123|129|130|124|107|126|100|FINISH
4|START|148|114|105|149|150|110|170|101|156|140|159|173|123|125|164|162|176|161|124|127|172|112|141|100|FINISH
5|START|168|111|150|110|170|101|156|104|129|173|157|176|177|166|172|107|126|100|FINISH
6|START|132|111|149|175|110|108|109|119|122|102|166|127|112|171|100|FINISH
7|START|168|132|111|113|109|119|122|102|130|124|127|112|171|100|FINISH
8|START|168|132|174|106|119|122|154|157|166|120|107|126|100|FINISH
9|START|139|136|144|145|170|143|133|105|147|115|117|106|172|166|161|154|119|174|126|100|FINISH
10|START|139|114|144|145|170|146|105|133|116|171|100|FINISH
11|START|131|135|115|105|169|146|143|118|133|142|100|FINISH
12|START|131|139|135|114|136|137|105|138|133|134|142|100|FINISH
