1|START|117|115|118|119|113|110|109|106|105|104|101|102|107|178|108|138|159|171|177|175|166|173|153|151|135|127|126|131|133|FINISH
2|START|114|115|120|119|109|106|105|104|102|103|107|178|108|118|124|159|170|176|174|165|164|147|133|FINISH
3|START|115|116|120|117|109|108|111|169|172|175|167|173|153|141|136|127|125|126|130|133|FINISH
4|START|135|150|171|176|166|153|147|115|111|112|118|126|131|133|FINISH
5|START|123|136|125|124|131|159|170|157|169|177|167|165|164|151|141|133|FINISH
6|START|129|138|135|124|131|157|172|176|174|166|165|151|142|133|FINISH
7|START|123|130|135|127|126|169|177|174|167|163|147|142|133|FINISH
8|START|136|138|150|160|171|157|174|163|141|133|FINISH
9|START|128|139|148|158|160|156|146|133|FINISH
10|START|121|128|137|149|146|152|161|162|154|145|144|143|133|FINISH
11|START|122|121|128|132|137|140|149|146|134|133|FINISH
12|START|121|132|139|148|158|160|156|168|149|146|155|162|164|145|143|133|FINISH
