1|SA|196|186|169|162|174|178|157|150|143|145|146|144|142|139|141|140|147|149|161|180|165|159|181|191|200|F
2|SB|201|193|175|172|187|190|192|160|163|198|184|161|185|177|188|202|170|167|162|168|156|191|200|F
3|SA|186|169|162|168|156|152|150|144|143|145|146|142|139|164|147|149|179|163|160|196|177|173|191|200|F
4|SB|194|189|175|187|192|190|181|184|182|179|159|165|198|202|170|161|180|157|167|166|158|174|178|188|200|F
5|SA|177|166|157|152|150|143|145|146|142|139|140|147|149|163|179|161|185|158|174|178|200|F
6|SB|194|195|193|187|190|192|160|165|198|184|182|180|196|168|162|169|186|177|173|191|200|F
7|SA|196|168|167|154|155|174|165|159|198|184|180|181|166|156|151|191|200|F
8|SB|201|195|189|175|169|179|163|160|148|177|162|170|167|174|178|188|200|F
9|SA|183|176|177|158|152|150|153|171|173|174|151|148|197|196|191|200|F
10|SB|199|195|192|190|187|172|188|174|168|170|162|157|154|155|151|191|200|F
