1|START|131|103|101|128|107|105|108|140|159|138|164|126|137|136|123|139|150|151|146|152|154|160|162|124|163|165|166|FINISH
2|START|105|103|107|106|126|140|159|138|164|108|137|136|113|123|139|154|155|161|112|163|127|168|100|FINISH
3|START|131|103|102|101|104|115|126|143|151|119|136|113|123|139|150|153|152|161|159|124|165|166|FINISH
4|START|131|130|103|101|128|104|115|108|137|119|139|150|153|154|160|162|112|163|165|168|100|FINISH
5|START|110|138|164|106|140|143|161|152|154|151|159|124|127|168|100|FINISH
6|START|110|126|137|140|143|161|155|152|120|151|112|124|165|166|FINISH
7|START|110|108|126|119|120|153|155|160|162|163|127|166|FINISH
8|START|145|143|169|155|120|151|141|133|127|168|100|FINISH
9|START|129|145|158|142|146|118|169|141|167|133|127|121|100|FINISH
10|START|129|117|144|142|146|148|149|114|158|132|135|100|FINISH
11|START|116|129|147|117|144|157|122|125|132|134|135|100|FINISH
