1|START|175|185|147|159|114|171|132|109|165|124|FINISH
2|START|104|112|134|183|123|144|139|173|102|132|109|165|124|FINISH
3|START|150|109|186|138|169|181|116|157|124|FINISH
4|START|150|146|184|115|127|155|160|121|164|128|124|FINISH
5|START|168|103|106|120|135|146|138|129|174|133|170|110|158|127|107|121|128|148|124|FINISH
6|START|182|151|126|161|167|138|176|174|145|143|178|117|141|137|131|118|100|124|FINISH
7|START|146|138|184|174|145|143|108|142|137|131|118|100|124|FINISH
8|START|150|109|186|138|169|181|116|157|124|FINISH
9|START|150|146|184|115|127|155|160|121|164|128|124|FINISH
10|START|182|151|126|161|167|138|176|174|145|143|178|117|141|137|131|118|100|124|FINISH
11|START|146|138|184|174|145|143|108|142|137|131|118|100|124|FINISH
12|START|150|146|184|115|127|155|160|121|164|128|124|FINISH
13|START|168|105|177|106|149|161|135|138|153|118|133|170|110|145|143|117|156|166|101|163|179|127|155|113|107|128|148|124|FINISH
14|START|168|103|106|120|135|146|138|129|174|133|170|110|158|127|107|121|128|148|124|FINISH
15|START|182|103|151|126|120|138|130|110|143|178|117|156|142|137|140|127|160|113|180|124|FINISH
16|START|182|151|126|161|167|138|176|174|145|143|178|117|141|137|131|118|100|124|FINISH
17|START|182|103|151|126|120|138|130|110|143|178|117|156|142|137|140|127|160|113|180|124|FINISH
18|START|182|151|126|161|167|138|176|174|145|143|178|117|141|137|131|118|100|124|FINISH
19|START|168|103|106|120|135|146|138|129|174|133|170|110|158|127|107|121|128|148|124|FINISH
20|START|146|106|111|120|176|129|145|143|140|141|137|158|172|148|124|FINISH
21|START|168|103|106|120|135|146|138|129|174|133|170|110|158|127|107|121|128|148|124|FINISH
22|START|146|106|111|120|176|129|145|143|140|141|137|158|172|148|124|FINISH
23|START|182|151|126|161|167|138|176|174|145|143|178|117|141|137|131|118|100|124|FINISH
24|START|146|138|184|174|145|143|108|142|137|131|118|100|124|FINISH
25|START|182|151|126|161|167|138|176|174|145|143|178|117|141|137|131|118|100|124|FINISH
26|START|182|162|168|103|106|111|120|138|176|153|124|FINISH
27|START|146|106|111|120|176|129|145|143|140|141|137|158|172|148|124|FINISH
28|START|182|162|168|103|106|111|120|138|176|153|124|FINISH
29|START|146|138|184|174|145|143|108|142|137|131|118|100|124|FINISH
30|START|182|162|168|103|106|111|120|138|176|153|124|FINISH
31|START|146|182|151|126|161|167|138|176|148|124|FINISH
32|START|150|109|186|138|169|181|116|157|124|FINISH
33|START|134|183|144|125|181|116|102|184|119|130|122|152|136|154|148|124|FINISH
34|START|168|103|106|120|135|146|138|129|174|133|170|110|158|127|107|121|128|148|124|FINISH
35|START|146|106|111|120|176|129|145|143|140|141|137|158|172|148|124|FINISH
36|START|182|162|168|103|106|111|120|138|176|153|124|FINISH
37|START|182|151|126|161|167|138|176|174|145|143|178|117|141|137|131|118|100|124|FINISH
38|START|146|138|184|174|145|143|108|142|137|131|118|100|124|FINISH
39|START|182|151|126|161|167|138|176|174|145|143|178|117|141|137|131|118|100|124|FINISH
40|START|146|138|184|174|145|143|108|142|137|131|118|100|124|FINISH
41|START|146|106|111|120|176|129|145|143|140|141|137|158|172|148|124|FINISH
42|START|182|162|168|103|106|111|120|138|176|153|124|FINISH
43|START|146|106|111|120|176|129|145|143|140|141|137|158|172|148|124|FINISH
44|START|182|162|168|103|106|111|120|138|176|153|124|FINISH
45|START|146|138|184|174|145|143|108|142|137|131|118|100|124|FINISH
46|START|146|182|151|126|161|167|138|176|148|124|FINISH
47|START|146|138|184|174|145|143|108|142|137|131|118|100|124|FINISH
48|START|146|182|151|126|161|167|138|176|148|124|FINISH
49|START|182|162|168|103|106|111|120|138|176|153|124|FINISH
50|START|146|182|151|126|161|167|138|176|148|124|FINISH
51|START|182|162|168|103|106|111|120|138|176|153|124|FINISH
52|START|146|182|151|126|161|167|138|176|148|124|FINISH
53|START|146|182|151|126|161|167|138|176|148|124|FINISH
54|START|175|185|147|159|114|171|132|109|165|124|FINISH
55|START|104|112|134|183|123|144|139|173|102|132|109|165|124|FINISH
